0.03428312 0.01001335 0.03448413 0.02604622 0.01742206 0.09510123 0.00625033 0.00356719 0.01633949 0.08850271 0.01731404 0.00607039 0.02095552 0.03647825 0.00803640 0.06952585 0.00498295 0.00382727 0.02037781 0.07282803
0.03446176 0.01003440 0.03463664 0.02620417 0.01750866 0.09574829 0.00625942 0.00353602 0.01634857 0.08844960 0.01723011 0.00607050 0.02089240 0.03585189 0.00791987 0.06861917 0.00492233 0.00377465 0.01988352 0.07163523
0.03386409 0.00996138 0.03417908 0.02543342 0.01701574 0.09290089 0.00614968 0.00349992 0.01604248 0.08750088 0.01702945 0.00601477 0.02064718 0.03530962 0.00779767 0.06764180 0.00488604 0.00373177 0.01974184 0.07105127
0.03367204 0.00990677 0.03399357 0.02528336 0.01691518 0.09251646 0.00616009 0.00349214 0.01605489 0.08733358 0.01700941 0.00599272 0.02060708 0.03541984 0.00782032 0.06775791 0.00488629 0.00376845 0.01987517 0.07129952
0.03379788 0.00992172 0.03407915 0.02541395 0.01700835 0.09306767 0.00612936 0.00348981 0.01605312 0.08736673 0.01701537 0.00602101 0.02060675 0.03544107 0.00780808 0.06783790 0.00490964 0.00377359 0.01990440 0.07135078
0.03380978 0.00991899 0.03410942 0.02547585 0.01702672 0.09320903 0.00616875 0.00347253 0.01607114 0.08748899 0.01708621 0.00602312 0.02066234 0.03564665 0.00786086 0.06814506 0.00492352 0.00380139 0.02003287 0.07170448
0.03400898 0.00995857 0.03423899 0.02567388 0.01719351 0.09398293 0.00618012 0.00351886 0.01616513 0.08779328 0.01716303 0.00605893 0.02079123 0.03593841 0.00792120 0.06859168 0.00496636 0.00381192 0.02016729 0.07207841
0.03422995 0.01000013 0.03439523 0.02590167 0.01733854 0.09466862 0.00620889 0.00349489 0.01628475 0.08811765 0.01727415 0.00605469 0.02093806 0.03622624 0.00799101 0.06903318 0.00496370 0.00382303 0.02032780 0.07245241
0.03443801 0.01001148 0.03457765 0.02610944 0.01746695 0.09545216 0.00624637 0.00354107 0.01626913 0.08814967 0.01727905 0.00605922 0.02089096 0.03583253 0.00789303 0.06825357 0.00491602 0.00379756 0.01991119 0.07137302
0.03391430 0.00998114 0.03417100 0.02536556 0.01695921 0.09273798 0.00616817 0.00347320 0.01601778 0.08717684 0.01703408 0.00599196 0.02064938 0.03524243 0.00779961 0.06736412 0.00488012 0.00372225 0.01974650 0.07086291
0.03374615 0.00998226 0.03406165 0.02529565 0.01688009 0.09245718 0.00614173 0.00347685 0.01603311 0.08712605 0.01708198 0.00601902 0.02070389 0.03539848 0.00785043 0.06761651 0.00488964 0.00374757 0.01986960 0.07122227
0.03387298 0.00996884 0.03416129 0.02540844 0.01700261 0.09307039 0.00615021 0.00347650 0.01604276 0.08721923 0.01707777 0.00601799 0.02071268 0.03542940 0.00783162 0.06766250 0.00488827 0.00375656 0.01987814 0.07120916
0.03389380 0.00995399 0.03418522 0.02546641 0.01703555 0.09315113 0.00618752 0.00351423 0.01606467 0.08734801 0.01717252 0.00607239 0.02080812 0.03566241 0.00786890 0.06797297 0.00493484 0.00378411 0.02000481 0.07164306
0.03412006 0.01002975 0.03432836 0.02569219 0.01719423 0.09381497 0.00618463 0.00350873 0.01615837 0.08769266 0.01722479 0.00605580 0.02090269 0.03593617 0.00794061 0.06839504 0.00494751 0.00379552 0.02020830 0.07203241
0.03428191 0.01003693 0.03449395 0.02592525 0.01729769 0.09456398 0.00624533 0.00353095 0.01623144 0.08803851 0.01734513 0.00609332 0.02104899 0.03625209 0.00801923 0.06881872 0.00499910 0.00383356 0.02033461 0.07246843
0.03450320 0.01008491 0.03464901 0.02613055 0.01745324 0.09531919 0.00625250 0.00356579 0.01631271 0.08813250 0.01736034 0.00611993 0.02101308 0.03597656 0.00794681 0.06832080 0.00498140 0.00380720 0.01994789 0.07155474
0.03410643 0.01004331 0.03435499 0.02552699 0.01701309 0.09307801 0.00617674 0.00350399 0.01609235 0.08730538 0.01718388 0.00608315 0.02087131 0.03541656 0.00786384 0.06751578 0.00489781 0.00377271 0.01988371 0.07124080
0.03397300 0.01005808 0.03429314 0.02547348 0.01699045 0.09284901 0.00621422 0.00349788 0.01611113 0.08737334 0.01725123 0.00608495 0.02092851 0.03564182 0.00788342 0.06782240 0.00495530 0.00378923 0.02001552 0.07165043
0.03411996 0.01006241 0.03439208 0.02565898 0.01710993 0.09354922 0.00622826 0.00352420 0.01612987 0.08748893 0.01727873 0.00608308 0.02092946 0.03566217 0.00787520 0.06797074 0.00495058 0.00379375 0.02000651 0.07173010
0.03417397 0.01008962 0.03446476 0.02573388 0.01715432 0.09372082 0.00624874 0.00351564 0.01620756 0.08765101 0.01733775 0.00610042 0.02103846 0.03591096 0.00794032 0.06830435 0.00496766 0.00381759 0.02018432 0.07209961
0.03440802 0.01013032 0.03462394 0.02598812 0.01733378 0.09442642 0.00627079 0.00353242 0.01627396 0.08799151 0.01743583 0.00611498 0.02115184 0.03622769 0.00802407 0.06877200 0.00503953 0.00383569 0.02032836 0.07257914
0.03458897 0.01012502 0.03475999 0.02622971 0.01746361 0.09511303 0.00632244 0.00356858 0.01638534 0.08839486 0.01754474 0.00615794 0.02132634 0.03654207 0.00810227 0.06920270 0.00506034 0.00387700 0.02049894 0.07300152
0.03479864 0.01020898 0.03497255 0.02643304 0.01758683 0.09591590 0.00633352 0.00359257 0.01643708 0.08857931 0.01759220 0.00621831 0.02135543 0.03643230 0.00804760 0.06894942 0.00505264 0.00386966 0.02014932 0.07218183
0.03441482 0.01018788 0.03467318 0.02582200 0.01711809 0.09386090 0.00627769 0.00352346 0.01622980 0.08760425 0.01741811 0.00612537 0.02113264 0.03566529 0.00791421 0.06784061 0.00499580 0.00377620 0.01993772 0.07169555
0.03419834 0.01013037 0.03453352 0.02570073 0.01708379 0.09327419 0.00630447 0.00353416 0.01619767 0.08757289 0.01740799 0.00611836 0.02117436 0.03579227 0.00791412 0.06801250 0.00498854 0.00377798 0.02007769 0.07210850
0.03440246 0.01015101 0.03467021 0.02592109 0.01718991 0.09387317 0.00628742 0.00354217 0.01625841 0.08778201 0.01745887 0.00616455 0.02117842 0.03590093 0.00795924 0.06818012 0.00498909 0.00383571 0.02007700 0.07208587
0.03439325 0.01019179 0.03467840 0.02595347 0.01722685 0.09403056 0.00635450 0.00358364 0.01625855 0.08790555 0.01750442 0.00616177 0.02127530 0.03608122 0.00799993 0.06855221 0.00503500 0.00384620 0.02027609 0.07250226
0.03460568 0.01021469 0.03485940 0.02619412 0.01738309 0.09472806 0.00633511 0.00360168 0.01638841 0.08827873 0.01761526 0.00620497 0.02142847 0.03638776 0.00809911 0.06899428 0.00504823 0.00385538 0.02037707 0.07296186
0.03477903 0.01023749 0.03499016 0.02644997 0.01757428 0.09556199 0.00635982 0.00359695 0.01647770 0.08858994 0.01775294 0.00625077 0.02157755 0.03676795 0.00812599 0.06951793 0.00509969 0.00390423 0.02063157 0.07356837
0.03510484 0.01028843 0.03524593 0.02679264 0.01779764 0.09682148 0.00645666 0.00365425 0.01664089 0.08895955 0.01793587 0.00630756 0.02179942 0.03695013 0.00822413 0.06978649 0.00518135 0.00390178 0.02043311 0.07358084
0.03492597 0.01033235 0.03509294 0.02625710 0.01751036 0.09569618 0.00649034 0.00360672 0.01642540 0.08807312 0.01780396 0.00624594 0.02159617 0.03605298 0.00806221 0.06831818 0.00506908 0.00383198 0.02017522 0.07308095
0.03467110 0.01033141 0.03491946 0.02599575 0.01733914 0.09468728 0.00650201 0.00355900 0.01645515 0.08791147 0.01783457 0.00626060 0.02167982 0.03612516 0.00810427 0.06837191 0.00513095 0.00382848 0.02030830 0.07340515
0.03478301 0.01037005 0.03508953 0.02625648 0.01750919 0.09543522 0.00652100 0.00360768 0.01655325 0.08814208 0.01796475 0.00627865 0.02175300 0.03640439 0.00815047 0.06879938 0.00515674 0.00386333 0.02038199 0.07362006
0.03492230 0.01034790 0.03512573 0.02630450 0.01756151 0.09587539 0.00653971 0.00363183 0.01654854 0.08821947 0.01800929 0.00632697 0.02182053 0.03654939 0.00820849 0.06904472 0.00516874 0.00387343 0.02048617 0.07395708
0.03507446 0.01040929 0.03533460 0.02653191 0.01776227 0.09659289 0.00659043 0.00364382 0.01662589 0.08855113 0.01811140 0.00635491 0.02194655 0.03693300 0.00831075 0.06973535 0.00518128 0.00390342 0.02061811 0.07416905
0.03528322 0.01043352 0.03549067 0.02679118 0.01790425 0.09734064 0.00657472 0.00364403 0.01670325 0.08893091 0.01816662 0.00636488 0.02203615 0.03723610 0.00837797 0.07016542 0.00520600 0.00391777 0.02081738 0.07463965
0.03548663 0.01045760 0.03566353 0.02708063 0.01812275 0.09850538 0.00662735 0.00367015 0.01681795 0.08913252 0.01834465 0.00640780 0.02224303 0.03766657 0.00848683 0.07067681 0.00528966 0.00397693 0.02090664 0.07505883
0.03560582 0.01054726 0.03577949 0.02697366 0.01806702 0.09848979 0.00668008 0.00367280 0.01669808 0.08852802 0.01817054 0.00636123 0.02200284 0.03660857 0.00819790 0.06899702 0.00518456 0.00388485 0.02040016 0.07388741
0.03502401 0.01047379 0.03534634 0.02635524 0.01759058 0.09580357 0.00660748 0.00362396 0.01656970 0.08804853 0.01809793 0.00632911 0.02193609 0.03644532 0.00818417 0.06868971 0.00519339 0.00383927 0.02036136 0.07353370
0.03495720 0.01044980 0.03533782 0.02637723 0.01760889 0.09573961 0.00654843 0.00363801 0.01655133 0.08814003 0.01807499 0.00633195 0.02191417 0.03664845 0.00822011 0.06913362 0.00515313 0.00385995 0.02036597 0.07337517
0.03497405 0.01038690 0.03536508 0.02645153 0.01764884 0.09593509 0.00651403 0.00363742 0.01653653 0.08810611 0.01801165 0.00628630 0.02184401 0.03670638 0.00821080 0.06927905 0.00512635 0.00384944 0.02036531 0.07328321
0.03505092 0.01040626 0.03540418 0.02656200 0.01773611 0.09610403 0.00650826 0.00366238 0.01658863 0.08829240 0.01802421 0.00630702 0.02185218 0.03695609 0.00827744 0.06977454 0.00512624 0.00389199 0.02054922 0.07347254
0.03520313 0.01038517 0.03553165 0.02681365 0.01785376 0.09689220 0.00651414 0.00363891 0.01663200 0.08861163 0.01809366 0.00631891 0.02188589 0.03722049 0.00832930 0.07028803 0.00513809 0.00391934 0.02066818 0.07386517
0.03532613 0.01039879 0.03566865 0.02706825 0.01801544 0.09760033 0.00649606 0.00369023 0.01673850 0.08895798 0.01816868 0.00634053 0.02198117 0.03753138 0.00838857 0.07066085 0.00517134 0.00393654 0.02077292 0.07461458
0.03553784 0.01041247 0.03576164 0.02718519 0.01811501 0.09814368 0.00650075 0.00369414 0.01666830 0.08881763 0.01809524 0.00627305 0.02184119 0.03686632 0.00823369 0.06956410 0.00508782 0.00386643 0.02028930 0.07392863
0.03492087 0.01033080 0.03530664 0.02640713 0.01755123 0.09518502 0.00647326 0.00362741 0.01647995 0.08797987 0.01785955 0.00624373 0.02160149 0.03636970 0.00813644 0.06885214 0.00506118 0.00384557 0.02017282 0.07377396
0.03481489 0.01030898 0.03522346 0.02636011 0.01750059 0.09503399 0.00641018 0.00363102 0.01646632 0.08799491 0.01785093 0.00621522 0.02159915 0.03654123 0.00818182 0.06910990 0.00509016 0.00386530 0.02028541 0.07428215
0.03492232 0.01026947 0.03531419 0.02652760 0.01759213 0.09566076 0.00642632 0.00365058 0.01652569 0.08811589 0.01785922 0.00624820 0.02158738 0.03654572 0.00816105 0.06912110 0.00504553 0.00384952 0.02029593 0.07446705
0.03493185 0.01029516 0.03529656 0.02655856 0.01764240 0.09588883 0.00639711 0.00363413 0.01657209 0.08830077 0.01786750 0.00621390 0.02161829 0.03680277 0.00821341 0.06945863 0.00510148 0.00388026 0.02044519 0.07492924
0.03513412 0.01030935 0.03545434 0.02678850 0.01780652 0.09669812 0.00643293 0.00366270 0.01664723 0.08863235 0.01792870 0.00624522 0.02171943 0.03709035 0.00828624 0.06995599 0.00509671 0.00393835 0.02061164 0.07539742
0.03531290 0.01034668 0.03561653 0.02706122 0.01798115 0.09743720 0.00646541 0.00368604 0.01671061 0.08903685 0.01798087 0.00625318 0.02179738 0.03745410 0.00834718 0.07043100 0.00513152 0.00393970 0.02076292 0.07582927
0.03551776 0.01035731 0.03576488 0.02726798 0.01814140 0.09825917 0.00646389 0.00368493 0.01680611 0.08928166 0.01806409 0.00627435 0.02186233 0.03739973 0.00829855 0.07022261 0.00514669 0.00394688 0.02041022 0.07525956
0.03513827 0.01032382 0.03546462 0.02667383 0.01766882 0.09597271 0.00646213 0.00366517 0.01658315 0.08832432 0.01778763 0.00620728 0.02156098 0.03649522 0.00813556 0.06902630 0.00509642 0.00385848 0.02023863 0.07475157
0.03491110 0.01027380 0.03527452 0.02653052 0.01761337 0.09541204 0.00641687 0.00363673 0.01654654 0.08831280 0.01781666 0.00618999 0.02155240 0.03663910 0.00817406 0.06922152 0.00507329 0.00385211 0.02038660 0.07509681
0.03502837 0.01031140 0.03535959 0.02670014 0.01772567 0.09611656 0.00639720 0.00363464 0.01660013 0.08851998 0.01781378 0.00620975 0.02162219 0.03675099 0.00816858 0.06938570 0.00509807 0.00388976 0.02037144 0.07517185
0.03504850 0.01026518 0.03536004 0.02671642 0.01772064 0.09621799 0.00641555 0.00366833 0.01664373 0.08863124 0.01784000 0.00618172 0.02160524 0.03689783 0.00822669 0.06966965 0.00513513 0.00389480 0.02050644 0.07557877
0.03521560 0.01031257 0.03549824 0.02693406 0.01790477 0.09695123 0.00647056 0.00364858 0.01672126 0.08901233 0.01792281 0.00623363 0.02171624 0.03722847 0.00830837 0.07026279 0.00513533 0.00393754 0.02068030 0.07560828
0.03542572 0.01032626 0.03569326 0.02719685 0.01804585 0.09783060 0.00646681 0.00367160 0.01681173 0.08935402 0.01799363 0.00623377 0.02184210 0.03760613 0.00832078 0.07077004 0.00516934 0.00396696 0.02085930 0.07571722
0.03564540 0.01036905 0.03588456 0.02746744 0.01820027 0.09864481 0.00648823 0.00370017 0.01689390 0.08972964 0.01809308 0.00626146 0.02193071 0.03785625 0.00839176 0.07114149 0.00518030 0.00400397 0.02079249 0.07538858
0.03555874 0.01036450 0.03576798 0.02710875 0.01793630 0.09762164 0.00645305 0.00368433 0.01669873 0.08895403 0.01784360 0.00623497 0.02165316 0.03673774 0.00815484 0.06948335 0.00509482 0.00388599 0.02035345 0.07438401
0.03507681 0.01030050 0.03539596 0.02671962 0.01765836 0.09596766 0.00644933 0.00363164 0.01663436 0.08866097 0.01774120 0.00621970 0.02159594 0.03672980 0.00817729 0.06951481 0.00509224 0.00387227 0.02041433 0.07445885
0.03521146 0.01028604 0.03546324 0.02692487 0.01780277 0.09657838 0.00645032 0.00365180 0.01675851 0.08896163 0.01782326 0.00623436 0.02166833 0.03695762 0.00821294 0.06987014 0.00512936 0.00391315 0.02047376 0.07453031
0.03524392 0.01033272 0.03548921 0.02692595 0.01783126 0.09679347 0.00642235 0.00365882 0.01674423 0.08900258 0.01782574 0.00620567 0.02167373 0.03706323 0.00824507 0.07004618 0.00510590 0.00393144 0.02059306 0.07476601
0.03537013 0.01036420 0.03560362 0.02713569 0.01794589 0.09735782 0.00647710 0.00365100 0.01683376 0.08936640 0.01793833 0.00622699 0.02178189 0.03737655 0.00830327 0.07053043 0.00514650 0.00397081 0.02075603 0.07516404
0.03556993 0.01036441 0.03581200 0.02739232 0.01814451 0.09824014 0.00649998 0.00367930 0.01691559 0.08975174 0.01801182 0.00627033 0.02189149 0.03772482 0.00843629 0.07109464 0.00518899 0.00399576 0.02092770 0.07557340
0.03583204 0.01041502 0.03599215 0.02767339 0.01831817 0.09906067 0.00656664 0.00370248 0.01700524 0.09019048 0.01813894 0.00627923 0.02203027 0.03806651 0.00847505 0.07162601 0.00520801 0.00404213 0.02102177 0.07572456
0.03592141 0.01043663 0.03603570 0.02759598 0.01827327 0.09921410 0.00651133 0.00370712 0.01691767 0.08964642 0.01793989 0.00626522 0.02182633 0.03704035 0.00823681 0.07011519 0.00514809 0.00389419 0.02043664 0.07466399
0.03529867 0.01034951 0.03553936 0.02695536 0.01780585 0.09647409 0.00649540 0.00363823 0.01678788 0.08910444 0.01787203 0.00622819 0.02172520 0.03692033 0.00821508 0.06987166 0.00512924 0.00388408 0.02047233 0.07469287
0.03537029 0.01036252 0.03562826 0.02705410 0.01789906 0.09689811 0.00649047 0.00366878 0.01682645 0.08936718 0.01792727 0.00628385 0.02182193 0.03725199 0.00829679 0.07035888 0.00516634 0.00391329 0.02059357 0.07489109
0.03547410 0.01036092 0.03567617 0.02715727 0.01797460 0.09742943 0.00646073 0.00365708 0.01687123 0.08940377 0.01792729 0.00625553 0.02182661 0.03726225 0.00830918 0.07046759 0.00512071 0.00393763 0.02068439 0.07508641
0.03557891 0.01037613 0.03573333 0.02733367 0.01805751 0.09777705 0.00651217 0.00372641 0.01692350 0.08970719 0.01802229 0.00626412 0.02193066 0.03756966 0.00837229 0.07097576 0.00517351 0.00396908 0.02085829 0.07556604
0.03578809 0.01045946 0.03594309 0.02758961 0.01823063 0.09864485 0.00652992 0.00369175 0.01704404 0.09014865 0.01811179 0.00632631 0.02203783 0.03792952 0.00845687 0.07154741 0.00522427 0.00398203 0.02102923 0.07594005
0.03601593 0.01047737 0.03613604 0.02784951 0.01844002 0.09946177 0.00656987 0.00374129 0.01713182 0.09060010 0.01824529 0.00637197 0.02222743 0.03830276 0.00853951 0.07204904 0.00525308 0.00401667 0.02116841 0.07625261
0.03617320 0.01051239 0.03625915 0.02796859 0.01849312 0.10025963 0.00659375 0.00374879 0.01709933 0.09029806 0.01812446 0.00634234 0.02206422 0.03742661 0.00834999 0.07080001 0.00518459 0.00394834 0.02059083 0.07519098
0.03557274 0.01042956 0.03573593 0.02718166 0.01792525 0.09718633 0.00651788 0.00369651 0.01688431 0.08957330 0.01801225 0.00631204 0.02192878 0.03717804 0.00832148 0.07039339 0.00516166 0.00389972 0.02056547 0.07507551
0.03558040 0.01044598 0.03579294 0.02730860 0.01804477 0.09738163 0.00655577 0.00369337 0.01696189 0.08983615 0.01809508 0.00631868 0.02201866 0.03747966 0.00837067 0.07083308 0.00520746 0.00391963 0.02071738 0.07536631
0.03575115 0.01048169 0.03588838 0.02745952 0.01813428 0.09812380 0.00658857 0.00367844 0.01700879 0.08988420 0.01811678 0.00633764 0.02206256 0.03752711 0.00838244 0.07093605 0.00522895 0.00394350 0.02074944 0.07552849
0.03579687 0.01048113 0.03595721 0.02761176 0.01819774 0.09832086 0.00656530 0.00369451 0.01705491 0.09022446 0.01818628 0.00635236 0.02217537 0.03780504 0.00847269 0.07138650 0.00523621 0.00396455 0.02096461 0.07598663
0.03602146 0.01052478 0.03617485 0.02786942 0.01841220 0.09913048 0.00660021 0.00372595 0.01715815 0.09064930 0.01831210 0.00638901 0.02230017 0.03813578 0.00853780 0.07194171 0.00527911 0.00401253 0.02113141 0.07638710
0.03629133 0.01056371 0.03635152 0.02813586 0.01860692 0.10001556 0.00665848 0.00376524 0.01728993 0.09109573 0.01839722 0.00640853 0.02244424 0.03850181 0.00863927 0.07253202 0.00530859 0.00405638 0.02130352 0.07675996
0.03646538 0.01059100 0.03650546 0.02832093 0.01870492 0.10101558 0.00665639 0.00376820 0.01725867 0.09091810 0.01832308 0.00642822 0.02235335 0.03782002 0.00843779 0.07138000 0.00525260 0.00398290 0.02069410 0.07560119
0.03588696 0.01051901 0.03602385 0.02746675 0.01806555 0.09788026 0.00660634 0.00372738 0.01703923 0.09007717 0.01818310 0.00639785 0.02221300 0.03743470 0.00837237 0.07077816 0.00523813 0.00393218 0.02069491 0.07552936
0.03587379 0.01054754 0.03603653 0.02754156 0.01814813 0.09794275 0.00661262 0.00369126 0.01711798 0.09034308 0.01826550 0.00641976 0.02227966 0.03768462 0.00845710 0.07127667 0.00523782 0.00397386 0.02087092 0.07584185
0.03607155 0.01056780 0.03617100 0.02776183 0.01828339 0.09874094 0.00663255 0.00374493 0.01714305 0.09045697 0.01828775 0.00640405 0.02232920 0.03774525 0.00844236 0.07135530 0.00528794 0.00396565 0.02088082 0.07592525
0.03611062 0.01054648 0.03619817 0.02784407 0.01836145 0.09890994 0.00666191 0.00376117 0.01722320 0.09066710 0.01839148 0.00644957 0.02240935 0.03800819 0.00852743 0.07176203 0.00530303 0.00400542 0.02105718 0.07635438
0.03635728 0.01060337 0.03640770 0.02813675 0.01853135 0.09973884 0.00667875 0.00377405 0.01733135 0.09107636 0.01848313 0.00646780 0.02254069 0.03836816 0.00862527 0.07233044 0.00533076 0.00403504 0.02125048 0.07677826
0.03655848 0.01064398 0.03659964 0.02843674 0.01872298 0.10068733 0.00671369 0.00378817 0.01743913 0.09158645 0.01861445 0.00648977 0.02269339 0.03876001 0.00868896 0.07290385 0.00536848 0.00408796 0.02138031 0.07714295
0.03680002 0.01069044 0.03676186 0.02853497 0.01883811 0.10167164 0.00677719 0.00379474 0.01737786 0.09130511 0.01848623 0.00650364 0.02253474 0.03794786 0.00847914 0.07164856 0.00530961 0.00398796 0.02080545 0.07599365
0.03614129 0.01061781 0.03627523 0.02770748 0.01820461 0.09850879 0.00669625 0.00378916 0.01715135 0.09053438 0.01836631 0.00651223 0.02241350 0.03762006 0.00848451 0.07118257 0.00525999 0.00397079 0.02080029 0.07591050
0.03620419 0.01062178 0.03629110 0.02783277 0.01831043 0.09868693 0.00671969 0.00378360 0.01725166 0.09085458 0.01843893 0.00650981 0.02252937 0.03791082 0.00854120 0.07170747 0.00533299 0.00399272 0.02094233 0.07624786
0.03638022 0.01064262 0.03645033 0.02801302 0.01845508 0.09947011 0.00670738 0.00378476 0.01729962 0.09092700 0.01847881 0.00650968 0.02255674 0.03798142 0.00852380 0.07180913 0.00533651 0.00400504 0.02099890 0.07639400
0.03642627 0.01066462 0.03648632 0.02814492 0.01851655 0.09967235 0.00674086 0.00378830 0.01732536 0.09120033 0.01856093 0.00648578 0.02262771 0.03829504 0.00863292 0.07223175 0.00532618 0.00402263 0.02118281 0.07677850
0.03661581 0.01069635 0.03670223 0.02842572 0.01871927 0.10059183 0.00676745 0.00380996 0.01746005 0.09163126 0.01869504 0.00653172 0.02276603 0.03868648 0.00872381 0.07284375 0.00540381 0.00406002 0.02140760 0.07726418
0.03688350 0.01072290 0.03693017 0.02871805 0.01892900 0.10159738 0.00679496 0.00382110 0.01756865 0.09209807 0.01878754 0.00653239 0.02286638 0.03906327 0.00876080 0.07338563 0.00543340 0.00410255 0.02138821 0.07728416
0.03697284 0.01073133 0.03691265 0.02857521 0.01881364 0.10169276 0.00679933 0.00383439 0.01740032 0.09148321 0.01862056 0.00653755 0.02263104 0.03796299 0.00852048 0.07173721 0.00531674 0.00399615 0.02086265 0.07626594
0.03636833 0.01069068 0.03646781 0.02793125 0.01835828 0.09907306 0.00675997 0.00379478 0.01731795 0.09102682 0.01855101 0.00652732 0.02257804 0.03786591 0.00852079 0.07160185 0.00534581 0.00400692 0.02096113 0.07635536
0.03647434 0.01070330 0.03656210 0.02817641 0.01852106 0.09963092 0.00676911 0.00380296 0.01737244 0.09141458 0.01860551 0.00655963 0.02270690 0.03820296 0.00861807 0.07209516 0.00536176 0.00401135 0.02104741 0.07659666
0.03658343 0.01071151 0.03665930 0.02823761 0.01856118 0.10026275 0.00674911 0.00379595 0.01740641 0.09139322 0.01863336 0.00654761 0.02270087 0.03826725 0.00861512 0.07219437 0.00537384 0.00404167 0.02112533 0.07682049
0.03670169 0.01072975 0.03677118 0.02841115 0.01870461 0.10065001 0.00681074 0.00383652 0.01751336 0.09171818 0.01871283 0.00656380 0.02284244 0.03860834 0.00868076 0.07266925 0.00539672 0.00407765 0.02134487 0.07717869
0.03692113 0.01074579 0.03698855 0.02872231 0.01889331 0.10159993 0.00683774 0.00389703 0.01760773 0.09216235 0.01881243 0.00659223 0.02290941 0.03898319 0.00876268 0.07328652 0.00542488 0.00407880 0.02152360 0.07761000
0.03714894 0.01080416 0.03716102 0.02899406 0.01911934 0.10255524 0.00684282 0.00387365 0.01767036 0.09247562 0.01888148 0.00659793 0.02301397 0.03912528 0.00876953 0.07339625 0.00545252 0.00409868 0.02119904 0.07706104
0.03685653 0.01076696 0.03689542 0.02833244 0.01865480 0.10057398 0.00682196 0.00384224 0.01740132 0.09147290 0.01867867 0.00656415 0.02272809 0.03803335 0.00856868 0.07179511 0.00538984 0.00401058 0.02092827 0.07645513
0.03656892 0.01073262 0.03669286 0.02815655 0.01851153 0.09979178 0.00680227 0.00381939 0.01741299 0.09142624 0.01866879 0.00656293 0.02274375 0.03824201 0.00861307 0.07215685 0.00538577 0.00400772 0.02116260 0.07682632
0.03677750 0.01073257 0.03684315 0.02843759 0.01870679 0.10067819 0.00683951 0.00386705 0.01751114 0.09172406 0.01871140 0.00653080 0.02278112 0.03840319 0.00862396 0.07234409 0.00537807 0.00406682 0.02116492 0.07681991
0.03674754 0.01076541 0.03687119 0.02840487 0.01872980 0.10086201 0.00682548 0.00387188 0.01752092 0.09180431 0.01874059 0.00655086 0.02279125 0.03855887 0.00869112 0.07263895 0.00537626 0.00408352 0.02126764 0.07715140
0.03690272 0.01077647 0.03700205 0.02862612 0.01885178 0.10148383 0.00686874 0.00386503 0.01757996 0.09216144 0.01881974 0.00655921 0.02290510 0.03889885 0.00876804 0.07314835 0.00545544 0.00409130 0.02151063 0.07757592
0.03713435 0.01081636 0.03722015 0.02892162 0.01907997 0.10245844 0.00688494 0.00386573 0.01769033 0.09260563 0.01892281 0.00658564 0.02300130 0.03934890 0.00884991 0.07377432 0.00546248 0.00416659 0.02159578 0.07778212
0.03730260 0.01083905 0.03730550 0.02894308 0.01906129 0.10290414 0.00686192 0.00390111 0.01758426 0.09212457 0.01873335 0.00657408 0.02281773 0.03831530 0.00862202 0.07223383 0.00539779 0.00403848 0.02103874 0.07665025
0.03662889 0.01074927 0.03675205 0.02816874 0.01849669 0.09981827 0.00684359 0.00381523 0.01739109 0.09152224 0.01863245 0.00652235 0.02269598 0.03808278 0.00856349 0.07185724 0.00535046 0.00404638 0.02107575 0.07662098
0.03665292 0.01072857 0.03678297 0.02828162 0.01862242 0.10025927 0.00687074 0.00387163 0.01750374 0.09172921 0.01869450 0.00653210 0.02273359 0.03841390 0.00865417 0.07238625 0.00539095 0.00407234 0.02116896 0.07682510
0.03676890 0.01072276 0.03685215 0.02838934 0.01869090 0.10078719 0.00686595 0.00384739 0.01747199 0.09177929 0.01869274 0.00652413 0.02272410 0.03846615 0.00861603 0.07243558 0.00536686 0.00405896 0.02122461 0.07699862
0.03682616 0.01076408 0.03688987 0.02847595 0.01874955 0.10108197 0.00685225 0.00386822 0.01751995 0.09200253 0.01875024 0.00654954 0.02278834 0.03874480 0.00868483 0.07288959 0.00543008 0.00410312 0.02140376 0.07731751
0.03698316 0.01079210 0.03708250 0.02872331 0.01895673 0.10195406 0.00686283 0.00386378 0.01763990 0.09239228 0.01880670 0.00654798 0.02292123 0.03912428 0.00878736 0.07349877 0.00543040 0.00414032 0.02165036 0.07779830
0.03725106 0.01083405 0.03730153 0.02904330 0.01913222 0.10297039 0.00691445 0.00392274 0.01770032 0.09270887 0.01892646 0.00657312 0.02296683 0.03907737 0.00878443 0.07335034 0.00541166 0.00411236 0.02120776 0.07702766
0.03681154 0.01080471 0.03690753 0.02826733 0.01857871 0.10033540 0.00685481 0.00384521 0.01741512 0.09162712 0.01860221 0.00648037 0.02263240 0.03804263 0.00855777 0.07185737 0.00534812 0.00402530 0.02098563 0.07643654
0.03655110 0.01072519 0.03664115 0.02807903 0.01845191 0.09964119 0.00680299 0.00385203 0.01744365 0.09148839 0.01857397 0.00647962 0.02255034 0.03815079 0.00858784 0.07199304 0.00538232 0.00404938 0.02112857 0.07667214
0.03661764 0.01074689 0.03681466 0.02824158 0.01858828 0.10034759 0.00680806 0.00387393 0.01747107 0.09165670 0.01856630 0.00647451 0.02261308 0.03836647 0.00862914 0.07224998 0.00538236 0.00408149 0.02111585 0.07667770
0.03661406 0.01072800 0.03674729 0.02824335 0.01860505 0.10046188 0.00683268 0.00384041 0.01747532 0.09169339 0.01860502 0.00647093 0.02263668 0.03845322 0.00865013 0.07250979 0.00539925 0.00406380 0.02126822 0.07696084
0.03678895 0.01073216 0.03688985 0.02843828 0.01874508 0.10116621 0.00683929 0.00384189 0.01753974 0.09203388 0.01867433 0.00650536 0.02272424 0.03882158 0.00872408 0.07303835 0.00537018 0.00411915 0.02146227 0.07740476
0.03701353 0.01076118 0.03703807 0.02873604 0.01893565 0.10210978 0.00684721 0.00392363 0.01763791 0.09240446 0.01879381 0.00650847 0.02282934 0.03924125 0.00881744 0.07359499 0.00543383 0.00414882 0.02161429 0.07762564
0.03712120 0.01080216 0.03714432 0.02874563 0.01894723 0.10242399 0.00685491 0.00388641 0.01753961 0.09196963 0.01859718 0.00647349 0.02261533 0.03818633 0.00857578 0.07210616 0.00536097 0.00406954 0.02100382 0.07648689
0.03646755 0.01067852 0.03662030 0.02793083 0.01836271 0.09934440 0.00678716 0.00384552 0.01735953 0.09130889 0.01845214 0.00642178 0.02245103 0.03796778 0.00849809 0.07172164 0.00531402 0.00402757 0.02101259 0.07639064
0.03642567 0.01069146 0.03660538 0.02804704 0.01848174 0.09972595 0.00678007 0.00384157 0.01744810 0.09148315 0.01850179 0.00643450 0.02250559 0.03828203 0.00855973 0.07220079 0.00534343 0.00404693 0.02114007 0.07664645
0.03654066 0.01066897 0.03665577 0.02811086 0.01855988 0.10024623 0.00679552 0.00385492 0.01743857 0.09154122 0.01848549 0.00641813 0.02249120 0.03831240 0.00858465 0.07223887 0.00535559 0.00404291 0.02120098 0.07671842
0.03655488 0.01066775 0.03666556 0.02820066 0.01861747 0.10050326 0.00677037 0.00384301 0.01747703 0.09167765 0.01853018 0.00645295 0.02253350 0.03854889 0.00864967 0.07262780 0.00535682 0.00407312 0.02136720 0.07708710
0.03675892 0.01071557 0.03684900 0.02847247 0.01879651 0.10136176 0.00678068 0.00387003 0.01756654 0.09203335 0.01859886 0.00642744 0.02263904 0.03896774 0.00871186 0.07320858 0.00539989 0.00412438 0.02157969 0.07748632
0.03700191 0.01074636 0.03702098 0.02873137 0.01897736 0.10228755 0.00679750 0.00386483 0.01760598 0.09234403 0.01868351 0.00646842 0.02268381 0.03895024 0.00870071 0.07313055 0.00538138 0.00413449 0.02118239 0.07681849
0.03664630 0.01067346 0.03668977 0.02804709 0.01845452 0.09992701 0.00679457 0.00383784 0.01738269 0.09131355 0.01840001 0.00641200 0.02238977 0.03798907 0.00849840 0.07175474 0.00529243 0.00400580 0.02100312 0.07632306
0.03637072 0.01065745 0.03653308 0.02793065 0.01838055 0.09943888 0.00676633 0.00380391 0.01741523 0.09137002 0.01838000 0.00640665 0.02237189 0.03819559 0.00857157 0.07208019 0.00531033 0.00404628 0.02117043 0.07670158
0.03657939 0.01065522 0.03661756 0.02816448 0.01857257 0.10027293 0.00677119 0.00384597 0.01744363 0.09149622 0.01841130 0.00638368 0.02243089 0.03836968 0.00858738 0.07226335 0.00533777 0.00402652 0.02114199 0.07664339
0.03652289 0.01064166 0.03656360 0.02814955 0.01852058 0.10028919 0.00674525 0.00383923 0.01742840 0.09158672 0.01845200 0.00641573 0.02240860 0.03849095 0.00863174 0.07249412 0.00530615 0.00408188 0.02128568 0.07693656
0.03666961 0.01067163 0.03671572 0.02838709 0.01870949 0.10099800 0.00674297 0.00385034 0.01751133 0.09190830 0.01852867 0.00644468 0.02252493 0.03884802 0.00870342 0.07300405 0.00534389 0.00407964 0.02154191 0.07742211
0.03690010 0.01066709 0.03690761 0.02864135 0.01891156 0.10194939 0.00682116 0.00387819 0.01758318 0.09228966 0.01861456 0.00646122 0.02264482 0.03918998 0.00876711 0.07347687 0.00538087 0.00412545 0.02145890 0.07728273
0.03688063 0.01070704 0.03683075 0.02837932 0.01868235 0.10121564 0.00676216 0.00384282 0.01741192 0.09162406 0.01838483 0.00639012 0.02241003 0.03808983 0.00851856 0.07192511 0.00529097 0.00403806 0.02104166 0.07643291
0.03636885 0.01063748 0.03639197 0.02794958 0.01839693 0.09940901 0.00672784 0.00379920 0.01737036 0.09135627 0.01831464 0.00639830 0.02235856 0.03815931 0.00852797 0.07194851 0.00532983 0.00405685 0.02121127 0.07674743
0.03656986 0.01064908 0.03655333 0.02818396 0.01858193 0.10018971 0.00673511 0.00382200 0.01741030 0.09163562 0.01840528 0.00640588 0.02239467 0.03843983 0.00858017 0.07235880 0.00531013 0.00406689 0.02121489 0.07678540
0.03657890 0.01065718 0.03657182 0.02817710 0.01854274 0.10046617 0.00672108 0.00382912 0.01741581 0.09165494 0.01840374 0.00643517 0.02242376 0.03850017 0.00861290 0.07248640 0.00534136 0.00405676 0.02133054 0.07707973
0.03669449 0.01065272 0.03663019 0.02837004 0.01866733 0.10091040 0.00673571 0.00382548 0.01749138 0.09191502 0.01851935 0.00642364 0.02252518 0.03879225 0.00868446 0.07293378 0.00534342 0.00408309 0.02151308 0.07753145
0.03692621 0.01069161 0.03685154 0.02864399 0.01889132 0.10183314 0.00677042 0.00387667 0.01760500 0.09225612 0.01858793 0.00647115 0.02264400 0.03920401 0.00874271 0.07344168 0.00539490 0.00412961 0.02152730 0.07754921
0.03689732 0.01068274 0.03679663 0.02840572 0.01868679 0.10136764 0.00676231 0.00385920 0.01741664 0.09157253 0.01836385 0.00640719 0.02235125 0.03801063 0.00845628 0.07175166 0.00533360 0.00401493 0.02099316 0.07648430
0.03632433 0.01061652 0.03628971 0.02786431 0.01827041 0.09895134 0.00673353 0.00382488 0.01730581 0.09115073 0.01826877 0.00639006 0.02229907 0.03791512 0.00848500 0.07159984 0.00528715 0.00402507 0.02107817 0.07663591
0.03639064 0.01064675 0.03635166 0.02803830 0.01840571 0.09950701 0.00670827 0.00382107 0.01738087 0.09139145 0.01831478 0.00640918 0.02235315 0.03820083 0.00854156 0.07199322 0.00535681 0.00403506 0.02115569 0.07675073
0.03645769 0.01061536 0.03636702 0.02804334 0.01844595 0.09993832 0.00668994 0.00382502 0.01732157 0.09138908 0.01829033 0.00641432 0.02235099 0.03824116 0.00855231 0.07207846 0.00532086 0.00405618 0.02125202 0.07695550
0.03653453 0.01060171 0.03642516 0.02822169 0.01857189 0.10034018 0.00672411 0.00380601 0.01741349 0.09164175 0.01840567 0.00643189 0.02243647 0.03853124 0.00863377 0.07251646 0.00534411 0.00408782 0.02142733 0.07736890
0.03676606 0.01067088 0.03662825 0.02851747 0.01872715 0.10120851 0.00673489 0.00382469 0.01749527 0.09197790 0.01850375 0.00643277 0.02257746 0.03890266 0.00867538 0.07306381 0.00538762 0.00410901 0.02146083 0.07737579
0.03681455 0.01068245 0.03661618 0.02832691 0.01860841 0.10092280 0.00673595 0.00382010 0.01733344 0.09133578 0.01827430 0.00640085 0.02230324 0.03772998 0.00842654 0.07132812 0.00528712 0.00397038 0.02087219 0.07616165
0.03608154 0.01056399 0.03605825 0.02762799 0.01812711 0.09818179 0.00663997 0.00379306 0.01718159 0.09073665 0.01813196 0.00634703 0.02212350 0.03749407 0.00839332 0.07087633 0.00524330 0.00399723 0.02084932 0.07597862
0.03604197 0.01053976 0.03595548 0.02765223 0.01812722 0.09826498 0.00662923 0.00378080 0.01720919 0.09083359 0.01816132 0.00636540 0.02219471 0.03771231 0.00844038 0.07119327 0.00524466 0.00401045 0.02096574 0.07613549
0.03612972 0.01053511 0.03598644 0.02773928 0.01819741 0.09873819 0.00663459 0.00376078 0.01720523 0.09080275 0.01820657 0.00639873 0.02218372 0.03775038 0.00843307 0.07127935 0.00526924 0.00402416 0.02098436 0.07622395
0.03615139 0.01051825 0.03602013 0.02784618 0.01825878 0.09899238 0.00664482 0.00374449 0.01723733 0.09100374 0.01822599 0.00637267 0.02223714 0.03802015 0.00849771 0.07168214 0.00528546 0.00400661 0.02118812 0.07658810
0.03637434 0.01055492 0.03618152 0.02813754 0.01845499 0.09984732 0.00664804 0.00378487 0.01734062 0.09133308 0.01832477 0.00641855 0.02235993 0.03839016 0.00854097 0.07218772 0.00533379 0.00404934 0.02126803 0.07679842
0.03647337 0.01055251 0.03624658 0.02807967 0.01844544 0.10010423 0.00664463 0.00376714 0.01719853 0.09084513 0.01815463 0.00638143 0.02213949 0.03749500 0.00835564 0.07076801 0.00523550 0.00397955 0.02071332 0.07555468
0.03583306 0.01043293 0.03572548 0.02737590 0.01793393 0.09740184 0.00658756 0.00372113 0.01704949 0.09021281 0.01804011 0.00633435 0.02199988 0.03720936 0.00829444 0.07037064 0.00521904 0.00393637 0.02071793 0.07534756
0.03577112 0.01046057 0.03565802 0.02743456 0.01799118 0.09752991 0.00656309 0.00372088 0.01707847 0.09024814 0.01807214 0.00634357 0.02205123 0.03745196 0.00838052 0.07072227 0.00525615 0.00394806 0.02081257 0.07556937
0.03589122 0.01045018 0.03570818 0.02752477 0.01806341 0.09811212 0.00656562 0.00371650 0.01705767 0.09029678 0.01809868 0.00631321 0.02203204 0.03752484 0.00838613 0.07079264 0.00519958 0.00395576 0.02084827 0.07566778
0.03594194 0.01042847 0.03576666 0.02765961 0.01812208 0.09839592 0.00656638 0.00371919 0.01713693 0.09052037 0.01815120 0.00633211 0.02211773 0.03778349 0.00842835 0.07114376 0.00527460 0.00400421 0.02102194 0.07605737
0.03615240 0.01049607 0.03591443 0.02793681 0.01830587 0.09926081 0.00658462 0.00374578 0.01720558 0.09083661 0.01826099 0.00636390 0.02223756 0.03815217 0.00851619 0.07167610 0.00530735 0.00403727 0.02117964 0.07636723
0.03633297 0.01053559 0.03604579 0.02804530 0.01837698 0.10003454 0.00659130 0.00373974 0.01716308 0.09067041 0.01816696 0.00638614 0.02210392 0.03743401 0.00833692 0.07059874 0.00522232 0.00397546 0.02068072 0.07520228
0.03574145 0.01045020 0.03555803 0.02729574 0.01789322 0.09713364 0.00650791 0.00373294 0.01698538 0.08986808 0.01803811 0.00632572 0.02194658 0.03709870 0.00823692 0.06999657 0.00519269 0.00392784 0.02062248 0.07496854
0.03563934 0.01043020 0.03552450 0.02733589 0.01787986 0.09720418 0.00651199 0.00370978 0.01701402 0.08998925 0.01807424 0.00633079 0.02197645 0.03730349 0.00831695 0.07030404 0.00520525 0.00393929 0.02077501 0.07523603
0.03579193 0.01044094 0.03561602 0.02747252 0.01799438 0.09783566 0.00651758 0.00372216 0.01701212 0.08999033 0.01807243 0.00632979 0.02195891 0.03734783 0.00831776 0.07041136 0.00523482 0.00396148 0.02076417 0.07534945
0.03580235 0.01043862 0.03566880 0.02754413 0.01804374 0.09807616 0.00655171 0.00372130 0.01705539 0.09021186 0.01812658 0.00632967 0.02206777 0.03758243 0.00836248 0.07074149 0.00521199 0.00398580 0.02093938 0.07571589
0.03605630 0.01047300 0.03585330 0.02782253 0.01821981 0.09888159 0.00655285 0.00373924 0.01711479 0.09048837 0.01824862 0.00635350 0.02219016 0.03798073 0.00843519 0.07121030 0.00526582 0.00401261 0.02111351 0.07611378
0.03628934 0.01051006 0.03600694 0.02810832 0.01838581 0.09975548 0.00661639 0.00374417 0.01720792 0.09070461 0.01825157 0.00640617 0.02223659 0.03794570 0.00839263 0.07103043 0.00526722 0.00400634 0.02078006 0.07532888
0.03592195 0.01046259 0.03565268 0.02739442 0.01790233 0.09756839 0.00657741 0.00371806 0.01696376 0.08976547 0.01806648 0.00633069 0.02196077 0.03705523 0.00821854 0.06981741 0.00519646 0.00393097 0.02061549 0.07482446
0.03573113 0.01042744 0.03554089 0.02730274 0.01786369 0.09709162 0.00651611 0.00371288 0.01694052 0.08977813 0.01805070 0.00630305 0.02194583 0.03727132 0.00827933 0.07001639 0.00520508 0.00394759 0.02075075 0.07512310
0.03588791 0.01045107 0.03566846 0.02754948 0.01800507 0.09784535 0.00652788 0.00371642 0.01698920 0.08991750 0.01808837 0.00634430 0.02196553 0.03735965 0.00825620 0.07015609 0.00519891 0.00395627 0.02072370 0.07512205
0.03585962 0.01045193 0.03570072 0.02750790 0.01800708 0.09794736 0.00653698 0.00371291 0.01702421 0.09003793 0.01815189 0.00635300 0.02201720 0.03748850 0.00829583 0.07038304 0.00520493 0.00396016 0.02087092 0.07541527
0.03607014 0.01048907 0.03585752 0.02776906 0.01820132 0.09857981 0.00658353 0.00376582 0.01709474 0.09025449 0.01821778 0.00638542 0.02211901 0.03781146 0.00840501 0.07079158 0.00523175 0.00399143 0.02104924 0.07588427
0.03631238 0.01054021 0.03599383 0.02800792 0.01831242 0.09936803 0.00657888 0.00375832 0.01719115 0.09060755 0.01831235 0.00642735 0.02222226 0.03804784 0.00843737 0.07114173 0.00528908 0.00403258 0.02096235 0.07568440
0.03626350 0.01054678 0.03595928 0.02771239 0.01810295 0.09860038 0.00659540 0.00374203 0.01698488 0.08994681 0.01814644 0.00634782 0.02200150 0.03711474 0.00821708 0.06969424 0.00520337 0.00394133 0.02063871 0.07488503
0.03582738 0.01049705 0.03569362 0.02737438 0.01786626 0.09712409 0.00656203 0.00370711 0.01699616 0.08973828 0.01807804 0.00633536 0.02196507 0.03717138 0.00821662 0.06975228 0.00525277 0.00394305 0.02075859 0.07515112
0.03599617 0.01046659 0.03586773 0.02759484 0.01800611 0.09782513 0.00658650 0.00372691 0.01702484 0.08998395 0.01814949 0.00636640 0.02203643 0.03739447 0.00828849 0.07002671 0.00525598 0.00398362 0.02076267 0.07520599
0.03603429 0.01051387 0.03583047 0.02758936 0.01802654 0.09802634 0.00660068 0.00374434 0.01702416 0.09002470 0.01816134 0.00636673 0.02206939 0.03744302 0.00828743 0.07017010 0.00523939 0.00399030 0.02086989 0.07544380
0.03622301 0.01056533 0.03594798 0.02781480 0.01816613 0.09855668 0.00661563 0.00375660 0.01713790 0.09033220 0.01823419 0.00638568 0.02214548 0.03774556 0.00833043 0.07062385 0.00527303 0.00401071 0.02105936 0.07582971
0.03640970 0.01059030 0.03614235 0.02803875 0.01834688 0.09940079 0.00666341 0.00375690 0.01717003 0.09064218 0.01831581 0.00639213 0.02226006 0.03807022 0.00844679 0.07107284 0.00527723 0.00403620 0.02117731 0.07610754
0.03656329 0.01063549 0.03625184 0.02810143 0.01830558 0.09974456 0.00664227 0.00376926 0.01711806 0.09031846 0.01819553 0.00637433 0.02206802 0.03719550 0.00824357 0.06975472 0.00526056 0.00394910 0.02061793 0.07487056
0.03596144 0.01060587 0.03576316 0.02733409 0.01778080 0.09678408 0.00660012 0.00371373 0.01696348 0.08963753 0.01805907 0.00635489 0.02194166 0.03689105 0.00817407 0.06922645 0.00519007 0.00392435 0.02056625 0.07463940
0.03595262 0.01054082 0.03577571 0.02734106 0.01785082 0.09683666 0.00661023 0.00374285 0.01698712 0.08974376 0.01810697 0.00636752 0.02197967 0.03711326 0.00821140 0.06951534 0.00521633 0.00394979 0.02066217 0.07484712
0.03608270 0.01057344 0.03584671 0.02743648 0.01789735 0.09728732 0.00660685 0.00371633 0.01696461 0.08972513 0.01811010 0.00634595 0.02197043 0.03710876 0.00820227 0.06959624 0.00519077 0.00396950 0.02071156 0.07489615
0.03615228 0.01060915 0.03593580 0.02750296 0.01798057 0.09753801 0.00660929 0.00376245 0.01703604 0.08990181 0.01815347 0.00635472 0.02201474 0.03737225 0.00825404 0.06994937 0.00524237 0.00396362 0.02085980 0.07525748
0.03628521 0.01062245 0.03610771 0.02774080 0.01813203 0.09834645 0.00666204 0.00377435 0.01708135 0.09019832 0.01821934 0.00638163 0.02213373 0.03766686 0.00832987 0.07042401 0.00526705 0.00400560 0.02102559 0.07571630
0.03652463 0.01065892 0.03625373 0.02798635 0.01830639 0.09918733 0.00666554 0.00373436 0.01717009 0.09047131 0.01828546 0.00638694 0.02219606 0.03773863 0.00831167 0.07042592 0.00525013 0.00400144 0.02071903 0.07511398
0.03623252 0.01061427 0.03599771 0.02737982 0.01784009 0.09706512 0.00662439 0.00374168 0.01692989 0.08957008 0.01804645 0.00631006 0.02185569 0.03678735 0.00814358 0.06901794 0.00518689 0.00393909 0.02047380 0.07431553
0.03593911 0.01062454 0.03579123 0.02715343 0.01769256 0.09616845 0.00661639 0.00372284 0.01688283 0.08934567 0.01798321 0.00634791 0.02180168 0.03673432 0.00814826 0.06898072 0.00517749 0.00393811 0.02054415 0.07447759
0.03602746 0.01061581 0.03588266 0.02730098 0.01779447 0.09664908 0.00661562 0.00373184 0.01690080 0.08951160 0.01802746 0.00631866 0.02183932 0.03686906 0.00816999 0.06922674 0.00521029 0.00394118 0.02053961 0.07451968
0.03599414 0.01063097 0.03588388 0.02727122 0.01779571 0.09675775 0.00661929 0.00372519 0.01694819 0.08959256 0.01800786 0.00631989 0.02184232 0.03700702 0.00817550 0.06942480 0.00520943 0.00392737 0.02068900 0.07479010
0.03619286 0.01066117 0.03599716 0.02743186 0.01797209 0.09743731 0.00665678 0.00377008 0.01700572 0.08984339 0.01806748 0.00634559 0.02195082 0.03730601 0.00820910 0.06987069 0.00523058 0.00398218 0.02080783 0.07514612
0.03633543 0.01066079 0.03612267 0.02773453 0.01809191 0.09822867 0.00666608 0.00375789 0.01709912 0.09017345 0.01816173 0.00636546 0.02202560 0.03765469 0.00830522 0.07036567 0.00525475 0.00400836 0.02097215 0.07556043
0.03656224 0.01069429 0.03629860 0.02790766 0.01821892 0.09895597 0.00669412 0.00377624 0.01709127 0.09018197 0.01814047 0.00636330 0.02195326 0.03713236 0.00820617 0.06959053 0.00523334 0.00394970 0.02051056 0.07452951
0.03603993 0.01063644 0.03586228 0.02715336 0.01769808 0.09610583 0.00661875 0.00375380 0.01687681 0.08934611 0.01796259 0.00631400 0.02175152 0.03661111 0.00810243 0.06881796 0.00516587 0.00393402 0.02042983 0.07423230
0.03595181 0.01064898 0.03579872 0.02709247 0.01766113 0.09599935 0.00664774 0.00369898 0.01690322 0.08935349 0.01799204 0.00633264 0.02176871 0.03684234 0.00813056 0.06910644 0.00521091 0.00393583 0.02057655 0.07457799
0.03609505 0.01064216 0.03593531 0.02728363 0.01780784 0.09676450 0.00661541 0.00373063 0.01694182 0.08946335 0.01798713 0.00632514 0.02177631 0.03687668 0.00813295 0.06920291 0.00519989 0.00394023 0.02057212 0.07469475
0.03609678 0.01064671 0.03595109 0.02731584 0.01785538 0.09690439 0.00666302 0.00373475 0.01699999 0.08967722 0.01803796 0.00634511 0.02180188 0.03711285 0.00819762 0.06957567 0.00522936 0.00395677 0.02073082 0.07502247
0.03629889 0.01068759 0.03607068 0.02755588 0.01802355 0.09768943 0.00666710 0.00376005 0.01706923 0.08994459 0.01808119 0.00635429 0.02190176 0.03740600 0.00824149 0.07003077 0.00523892 0.00399479 0.02092066 0.07538713
0.03652178 0.01070062 0.03622018 0.02779138 0.01817620 0.09857376 0.00669229 0.00376099 0.01713193 0.09029947 0.01820367 0.00638035 0.02204630 0.03775491 0.00833776 0.07052807 0.00527999 0.00401717 0.02100922 0.07563140
0.03662871 0.01072336 0.03635410 0.02787316 0.01820125 0.09890072 0.00670878 0.00377687 0.01708497 0.09004229 0.01805705 0.00632887 0.02187286 0.03696448 0.00814185 0.06935795 0.00520014 0.00397664 0.02050681 0.07458424
0.03607804 0.01066303 0.03589829 0.02717005 0.01771207 0.09621372 0.00663483 0.00372738 0.01690379 0.08945879 0.01793583 0.00628807 0.02176589 0.03669276 0.00810711 0.06898650 0.00519452 0.00394330 0.02054213 0.07455417
0.03609210 0.01063710 0.03589121 0.02724852 0.01777697 0.09652107 0.00662553 0.00377248 0.01700280 0.08965863 0.01793878 0.00630051 0.02181021 0.03699023 0.00817150 0.06945939 0.00519842 0.00395761 0.02060671 0.07477346
0.03621298 0.01067256 0.03598973 0.02734783 0.01782666 0.09703594 0.00665683 0.00374457 0.01695625 0.08966922 0.01795042 0.00631395 0.02179737 0.03697527 0.00813589 0.06951919 0.00519209 0.00400308 0.02068540 0.07490846
0.03628909 0.01067852 0.03604252 0.02742211 0.01793756 0.09731528 0.00665103 0.00374096 0.01701319 0.08993666 0.01802216 0.00634258 0.02183531 0.03722839 0.00824260 0.06989481 0.00522743 0.00397088 0.02080511 0.07529835
0.03644555 0.01069554 0.03616867 0.02771230 0.01810100 0.09814682 0.00667340 0.00377809 0.01711379 0.09023377 0.01807995 0.00635282 0.02197219 0.03754684 0.00828708 0.07039728 0.00524690 0.00402166 0.02103700 0.07576246
0.03663971 0.01072659 0.03630964 0.02795593 0.01827488 0.09899234 0.00669825 0.00380933 0.01718097 0.09064243 0.01817324 0.00637595 0.02207749 0.03783878 0.00832347 0.07080778 0.00529405 0.00404743 0.02092856 0.07568580
0.03653407 0.01067633 0.03625569 0.02770640 0.01804735 0.09815128 0.00667180 0.00374006 0.01702827 0.08998834 0.01799875 0.00634450 0.02183297 0.03691450 0.00814733 0.06942741 0.00521419 0.00397160 0.02059318 0.07489666
0.03614013 0.01064691 0.03593235 0.02728560 0.01779924 0.09666605 0.00664975 0.00375171 0.01697103 0.08978215 0.01793026 0.00631252 0.02179870 0.03692282 0.00816583 0.06947199 0.00521498 0.00395106 0.02071077 0.07518193
0.03629584 0.01064497 0.03602873 0.02750507 0.01797439 0.09740425 0.00666320 0.00377363 0.01704713 0.09005113 0.01795456 0.00632429 0.02184926 0.03711126 0.00819159 0.06982740 0.00524775 0.00398507 0.02071138 0.07522666
0.03625921 0.01062913 0.03599260 0.02748837 0.01799356 0.09750588 0.00667471 0.00375448 0.01704099 0.09006020 0.01796444 0.00633882 0.02188385 0.03719141 0.00823186 0.06999487 0.00525906 0.00400700 0.02082259 0.07553139
0.03640760 0.01066567 0.03610519 0.02771221 0.01814832 0.09816077 0.00665841 0.00375810 0.01714888 0.09035419 0.01805926 0.00633955 0.02195201 0.03750941 0.00828530 0.07043977 0.00526202 0.00399897 0.02100076 0.07592849
0.03656775 0.01070089 0.03628807 0.02793459 0.01829038 0.09901330 0.00668916 0.00376774 0.01720389 0.09071038 0.01816513 0.00638402 0.02207309 0.03782713 0.00836289 0.07092543 0.00530849 0.00408263 0.02116030 0.07635652
0.03677772 0.01071513 0.03649602 0.02813264 0.01840676 0.09977254 0.00673316 0.00380142 0.01724773 0.09072618 0.01809188 0.00639391 0.02202929 0.03736001 0.00824018 0.07020524 0.00525690 0.00400542 0.02066746 0.07535569
0.03621125 0.01064854 0.03595977 0.02732541 0.01784890 0.09687889 0.00663746 0.00377500 0.01700312 0.08985966 0.01790744 0.00631905 0.02182414 0.03683375 0.00813974 0.06944142 0.00520444 0.00394910 0.02054906 0.07500430
0.03611282 0.01064492 0.03590405 0.02732422 0.01788875 0.09687207 0.00663578 0.00375755 0.01701637 0.08989925 0.01795708 0.00634336 0.02186567 0.03702562 0.00823393 0.06971793 0.00523058 0.00395533 0.02072252 0.07533624
0.03622169 0.01060846 0.03597584 0.02745578 0.01798781 0.09754282 0.00664774 0.00376095 0.01704391 0.09000613 0.01795581 0.00632810 0.02186299 0.03704745 0.00818512 0.06989226 0.00523910 0.00398539 0.02074082 0.07536288
0.03619024 0.01059190 0.03598761 0.02747896 0.01805052 0.09768743 0.00665561 0.00378977 0.01708198 0.09018423 0.01800678 0.00637758 0.02196464 0.03727320 0.00825561 0.07019704 0.00524493 0.00399782 0.02090491 0.07575131
0.03642922 0.01062451 0.03614512 0.02776237 0.01821001 0.09850960 0.00666781 0.00374544 0.01716589 0.09054272 0.01809797 0.00638126 0.02203133 0.03761344 0.00833223 0.07071833 0.00529627 0.00404442 0.02107056 0.07616996
0.03658349 0.01065571 0.03631017 0.02801130 0.01838633 0.09935686 0.00670006 0.00375919 0.01723415 0.09085919 0.01820031 0.00640338 0.02215271 0.03792735 0.00841835 0.07122272 0.00533480 0.00405628 0.02106601 0.07612336
0.03658404 0.01067754 0.03625480 0.02776696 0.01820640 0.09879431 0.00666319 0.00377304 0.01704047 0.09012770 0.01800210 0.00635930 0.02186975 0.03684354 0.00815128 0.06961783 0.00521185 0.00394624 0.02052342 0.07495861
0.03595708 0.01057500 0.03583728 0.02720158 0.01778251 0.09651023 0.00662383 0.00371659 0.01689850 0.08961593 0.01788881 0.00629449 0.02177716 0.03666938 0.00815518 0.06928151 0.00517996 0.00394216 0.02049519 0.07480477
0.03590664 0.01054642 0.03575507 0.02725928 0.01784601 0.09667279 0.00662560 0.00373268 0.01697195 0.08980365 0.01788773 0.00633520 0.02181029 0.03689126 0.00816716 0.06971946 0.00523667 0.00395969 0.02060287 0.07501880
0.03599520 0.01056952 0.03583892 0.02732233 0.01791573 0.09724847 0.00658130 0.00371979 0.01693270 0.08983367 0.01792454 0.00633430 0.02181409 0.03692933 0.00820458 0.06979500 0.00524735 0.00394433 0.02070010 0.07518861
0.03605344 0.01059296 0.03588330 0.02747834 0.01798883 0.09762441 0.00660835 0.00372766 0.01705744 0.09010239 0.01798966 0.00636501 0.02189278 0.03725338 0.00825485 0.07025994 0.00525672 0.00396817 0.02084665 0.07566223
0.03625608 0.01057108 0.03605069 0.02772166 0.01815043 0.09854893 0.00663358 0.00377951 0.01709384 0.09050494 0.01808322 0.00637418 0.02200603 0.03758227 0.00835466 0.07078753 0.00529436 0.00402108 0.02105750 0.07604928
0.03646678 0.01058626 0.03617972 0.02796963 0.01834625 0.09943964 0.00666352 0.00378276 0.01716594 0.09075801 0.01812720 0.00637366 0.02207275 0.03753766 0.00831732 0.07059989 0.00531653 0.00399114 0.02067295 0.07529867
0.03609096 0.01058464 0.03582672 0.02729506 0.01783434 0.09716531 0.00661952 0.00372915 0.01691956 0.08977290 0.01789426 0.00632148 0.02178013 0.03672255 0.00810416 0.06940606 0.00522801 0.00392615 0.02048267 0.07474284
0.03580170 0.01053365 0.03565765 0.02712783 0.01776486 0.09655871 0.00661412 0.00372766 0.01693788 0.08964940 0.01784454 0.00632063 0.02177401 0.03671684 0.00814164 0.06947595 0.00523891 0.00395780 0.02059098 0.07497694
0.03591324 0.01051417 0.03574502 0.02733064 0.01789230 0.09721230 0.00659697 0.00372570 0.01696585 0.08986066 0.01788651 0.00632203 0.02182517 0.03692866 0.00819190 0.06976562 0.00525268 0.00393220 0.02062084 0.07507085
0.03596185 0.01052935 0.03576754 0.02734611 0.01790316 0.09747602 0.00662174 0.00372679 0.01700644 0.08994137 0.01792802 0.00636537 0.02188078 0.03710162 0.00824136 0.07004981 0.00526037 0.00398251 0.02076780 0.07535585
0.03613832 0.01055766 0.03589131 0.02763236 0.01808391 0.09819829 0.00660890 0.00372354 0.01706915 0.09032819 0.01801770 0.00636708 0.02197243 0.03745206 0.00828457 0.07053799 0.00531311 0.00401978 0.02097881 0.07577726
0.03634810 0.01059465 0.03604744 0.02786925 0.01827198 0.09906093 0.00664984 0.00376675 0.01716332 0.09072731 0.01812526 0.00639975 0.02213844 0.03781926 0.00837941 0.07109112 0.00530918 0.00401136 0.02110448 0.07612130
0.03653704 0.01063080 0.03619631 0.02800804 0.01834307 0.09979032 0.00665572 0.00378064 0.01713019 0.09049722 0.01803988 0.00637371 0.02195274 0.03707222 0.00822453 0.06991860 0.00524030 0.00398007 0.02058862 0.07497242
0.03592928 0.01055630 0.03572218 0.02726403 0.01780914 0.09700946 0.00660730 0.00373392 0.01694226 0.08982668 0.01793584 0.00634577 0.02181268 0.03681147 0.00816070 0.06952491 0.00524964 0.00392309 0.02056469 0.07480997
0.03591760 0.01052696 0.03569936 0.02734160 0.01786077 0.09716786 0.00660432 0.00374610 0.01703384 0.08996504 0.01797951 0.00634801 0.02192320 0.03708254 0.00821313 0.06993960 0.00526375 0.00397314 0.02069763 0.07510024
0.03606779 0.01056102 0.03577395 0.02749949 0.01793361 0.09780976 0.00661954 0.00372359 0.01702539 0.09004583 0.01798846 0.00634805 0.02190490 0.03710310 0.00824490 0.07004850 0.00525627 0.00396655 0.02076202 0.07518689
0.03610267 0.01056030 0.03584601 0.02756770 0.01805035 0.09811373 0.00667165 0.00373190 0.01708423 0.09031137 0.01805727 0.00638872 0.02199429 0.03736188 0.00826988 0.07045922 0.00528474 0.00402445 0.02090399 0.07559289
0.03634229 0.01055748 0.03602012 0.02785195 0.01821058 0.09889292 0.00666387 0.00375657 0.01715948 0.09071359 0.01815770 0.00639207 0.02211967 0.03774823 0.00837475 0.07097507 0.00530659 0.00403331 0.02110236 0.07603469
0.03656476 0.01061929 0.03621698 0.02814075 0.01838748 0.09985941 0.00668914 0.00376572 0.01728584 0.09096854 0.01824687 0.00644949 0.02217502 0.03797894 0.00840400 0.07120319 0.00534112 0.00404701 0.02090549 0.07566258
0.03640496 0.01061726 0.03605995 0.02766801 0.01807398 0.09861147 0.00666714 0.00373751 0.01705954 0.09019235 0.01805026 0.00639671 0.02196970 0.03705412 0.00821652 0.06993166 0.00526708 0.00398244 0.02063956 0.07500102
0.03608783 0.01059281 0.03585294 0.02745453 0.01793120 0.09754120 0.00665674 0.00372732 0.01702763 0.09012886 0.01808831 0.00638099 0.02199385 0.03720255 0.00825842 0.07015143 0.00530790 0.00396469 0.02081928 0.07537102
0.03630696 0.01062133 0.03603539 0.02775927 0.01811053 0.09837548 0.00664925 0.00375071 0.01711146 0.09037732 0.01813646 0.00637251 0.02202143 0.03736013 0.00828629 0.07042450 0.00532471 0.00399116 0.02079222 0.07535683
0.03630726 0.01060196 0.03602377 0.02771928 0.01811553 0.09861520 0.00666625 0.00376779 0.01714823 0.09047309 0.01815145 0.00639002 0.02207998 0.03751196 0.00833586 0.07063785 0.00531674 0.00399935 0.02093537 0.07569407
0.03648212 0.01063101 0.03616648 0.02793798 0.01827676 0.09925534 0.00670718 0.00377749 0.01721176 0.09081744 0.01824551 0.00642914 0.02216703 0.03784883 0.00839765 0.07112466 0.00533169 0.00403456 0.02111200 0.07613246
0.03673237 0.01067590 0.03640980 0.02819290 0.01845356 0.10013776 0.00673364 0.00379807 0.01732817 0.09116957 0.01837391 0.00645506 0.02229529 0.03819833 0.00846645 0.07163867 0.00537730 0.00404821 0.02116803 0.07627383
0.03685189 0.01067096 0.03648934 0.02811750 0.01838400 0.10016469 0.00674374 0.00379079 0.01716470 0.09063788 0.01823052 0.00641870 0.02207129 0.03723243 0.00824396 0.07030065 0.00529000 0.00397116 0.02071554 0.07525297
0.03631586 0.01064989 0.03603911 0.02756754 0.01798810 0.09778686 0.00670461 0.00378660 0.01709352 0.09019552 0.01814277 0.00641039 0.02202351 0.03714237 0.00824004 0.07010611 0.00531263 0.00396976 0.02076211 0.07528440
0.03639496 0.01062839 0.03611569 0.02774266 0.01808847 0.09817603 0.00671937 0.00380020 0.01715248 0.09048131 0.01824712 0.00642020 0.02210173 0.03744351 0.00829651 0.07051649 0.00534314 0.00400542 0.02083855 0.07549695
0.03647320 0.01065085 0.03618208 0.02776292 0.01812210 0.09863969 0.00673297 0.00379723 0.01715831 0.09044315 0.01825174 0.00642346 0.02207738 0.03752765 0.00829118 0.07066110 0.00533045 0.00399484 0.02093321 0.07563661
0.03659782 0.01068243 0.03626945 0.02791877 0.01824252 0.09907584 0.00672498 0.00379049 0.01725003 0.09079482 0.01830913 0.00642223 0.02219556 0.03783898 0.00836408 0.07110708 0.00531824 0.00405313 0.02108275 0.07606643
0.03682384 0.01071552 0.03647138 0.02819253 0.01843763 0.09986636 0.00676156 0.00384046 0.01730532 0.09111730 0.01841903 0.00644666 0.02234183 0.03816744 0.00845697 0.07168713 0.00538984 0.00408871 0.02128059 0.07644870
0.03705951 0.01077070 0.03669972 0.02838601 0.01858511 0.10078514 0.00681466 0.00384249 0.01733961 0.09115021 0.01840511 0.00644584 0.02226212 0.03767265 0.00832178 0.07094258 0.00536326 0.00403280 0.02072488 0.07529151
0.03650584 0.01071277 0.03625165 0.02756745 0.01799377 0.09771933 0.00678091 0.00377591 0.01707939 0.09020209 0.01817285 0.00643243 0.02205762 0.03705940 0.00822244 0.07002352 0.00529044 0.00395709 0.02059986 0.07481008
0.03639382 0.01072567 0.03616266 0.02744507 0.01795415 0.09748862 0.00674510 0.00378909 0.01708966 0.09012784 0.01820132 0.00640467 0.02205828 0.03719006 0.00824764 0.07024373 0.00533007 0.00396730 0.02075268 0.07507851
0.03652115 0.01073068 0.03628521 0.02765594 0.01805821 0.09806885 0.00675623 0.00379667 0.01713364 0.09024584 0.01823406 0.00641845 0.02210159 0.03726816 0.00824322 0.07039824 0.00529753 0.00400093 0.02071095 0.07503602
0.03657083 0.01074867 0.03630005 0.02766020 0.01804292 0.09819732 0.00675432 0.00379606 0.01716687 0.09043221 0.01826529 0.00642568 0.02212391 0.03750403 0.00830772 0.07073847 0.00530259 0.00399731 0.02088662 0.07541079
0.03675158 0.01075290 0.03646193 0.02791954 0.01825815 0.09898396 0.00680055 0.00381096 0.01722421 0.09077091 0.01836599 0.00644395 0.02224442 0.03787081 0.00840421 0.07121975 0.00536377 0.00405070 0.02110040 0.07584372
0.03696313 0.01082006 0.03662846 0.02821306 0.01844147 0.09989682 0.00678863 0.00385777 0.01731202 0.09111659 0.01843465 0.00645999 0.02235009 0.03815590 0.00844420 0.07167007 0.00537281 0.00403585 0.02094744 0.07562180
0.03689311 0.01081715 0.03655111 0.02786858 0.01818084 0.09891713 0.00676087 0.00381591 0.01713362 0.09035191 0.01821795 0.00638976 0.02207944 0.03709185 0.00822468 0.07015123 0.00530698 0.00396133 0.02058476 0.07461959
0.03645734 0.01076266 0.03621963 0.02743161 0.01791127 0.09720324 0.00676484 0.00381768 0.01704290 0.09000978 0.01817750 0.00638865 0.02200155 0.03700375 0.00818982 0.06994674 0.00529826 0.00396624 0.02062669 0.07465270
0.03647060 0.01075631 0.03626880 0.02754748 0.01795418 0.09759949 0.00680021 0.00379510 0.01711131 0.09025713 0.01820106 0.00639937 0.02203578 0.03725727 0.00824052 0.07036753 0.00527555 0.00396883 0.02068696 0.07487495
0.03658230 0.01076102 0.03630270 0.02759042 0.01805140 0.09801372 0.00679240 0.00380526 0.01710305 0.09028601 0.01823759 0.00640248 0.02205129 0.03736922 0.00827802 0.07053968 0.00530602 0.00399450 0.02081778 0.07513779
0.03674981 0.01078081 0.03644052 0.02778498 0.01817781 0.09861477 0.00680542 0.00381948 0.01720969 0.09058147 0.01832378 0.00642882 0.02215976 0.03770050 0.00835069 0.07103114 0.00534550 0.00402741 0.02100778 0.07558190
0.03695605 0.01082510 0.03664088 0.02804838 0.01836151 0.09953956 0.00684247 0.00382266 0.01728821 0.09105307 0.01840681 0.00646191 0.02226308 0.03805301 0.00844530 0.07160432 0.00541909 0.00405065 0.02118566 0.07595891
0.03714547 0.01087476 0.03682257 0.02831060 0.01850152 0.10046589 0.00688208 0.00381032 0.01731846 0.09110054 0.01839957 0.00645712 0.02225074 0.03766039 0.00833469 0.07091374 0.00533062 0.00400312 0.02072654 0.07494368
0.03664754 0.01081424 0.03638523 0.02750166 0.01796149 0.09759127 0.00681456 0.00380334 0.01708443 0.09019873 0.01819156 0.00640816 0.02200944 0.03710487 0.00817852 0.07004515 0.00529255 0.00397203 0.02063580 0.07456058
0.03652339 0.01080235 0.03630045 0.02748492 0.01793141 0.09743912 0.00679589 0.00382645 0.01709361 0.09026201 0.01821880 0.00642053 0.02206548 0.03723536 0.00824159 0.07031105 0.00530847 0.00403497 0.02075305 0.07492669
0.03669063 0.01080034 0.03646828 0.02766352 0.01806813 0.09812465 0.00682709 0.00383347 0.01712808 0.09044810 0.01825446 0.00641384 0.02207846 0.03732532 0.00824959 0.07048459 0.00533558 0.00398888 0.02075973 0.07501090
0.03673290 0.01077312 0.03646604 0.02772822 0.01810804 0.09837654 0.00680643 0.00380958 0.01722598 0.09059779 0.01824709 0.00639663 0.02213120 0.03757432 0.00832693 0.07080084 0.00536307 0.00399229 0.02094946 0.07536712
0.03693642 0.01083710 0.03661981 0.02800663 0.01826339 0.09920521 0.00682997 0.00382934 0.01730681 0.09096004 0.01833898 0.00645065 0.02225377 0.03791079 0.00837833 0.07130394 0.00538890 0.00406098 0.02113345 0.07580512
0.03713890 0.01082951 0.03683385 0.02826102 0.01848761 0.10015936 0.00686310 0.00386387 0.01739617 0.09139916 0.01845588 0.00647180 0.02235562 0.03829760 0.00845388 0.07187850 0.00540013 0.00409426 0.02126667 0.07605132
0.03730274 0.01088833 0.03692340 0.02823732 0.01848143 0.10050938 0.00686895 0.00387405 0.01729203 0.09097053 0.01829675 0.00642099 0.02219902 0.03738912 0.00825776 0.07050346 0.00533407 0.00402952 0.02074570 0.07497989
0.03670406 0.01083174 0.03646039 0.02759307 0.01799018 0.09779640 0.00685924 0.00382797 0.01715536 0.09047615 0.01819976 0.00641545 0.02210844 0.03719707 0.00821491 0.07024310 0.00532630 0.00399397 0.02074898 0.07497742
0.03672571 0.01081425 0.03650203 0.02771741 0.01810881 0.09819677 0.00684802 0.00381618 0.01720989 0.09069489 0.01825833 0.00640258 0.02219052 0.03753507 0.00831484 0.07069147 0.00534626 0.00401345 0.02086072 0.07525648
0.03682311 0.01084513 0.03657126 0.02781573 0.01816639 0.09871236 0.00681903 0.00384533 0.01721463 0.09070804 0.01826720 0.00641292 0.02218164 0.03754730 0.00834284 0.07072847 0.00532168 0.00405044 0.02093982 0.07538151
0.03689220 0.01082613 0.03664818 0.02797269 0.01829786 0.09911701 0.00683444 0.00383601 0.01729015 0.09098361 0.01830904 0.00645847 0.02228990 0.03783225 0.00839888 0.07119878 0.00538286 0.00406026 0.02111250 0.07578498
0.03714284 0.01084103 0.03682073 0.02822322 0.01846736 0.10000027 0.00689334 0.00383790 0.01737305 0.09144242 0.01840686 0.00646738 0.02240536 0.03823550 0.00844065 0.07173906 0.00543642 0.00412015 0.02134671 0.07623040
0.03733914 0.01087811 0.03700349 0.02848808 0.01866944 0.10097160 0.00690895 0.00388718 0.01748605 0.09175278 0.01850932 0.00651374 0.02254071 0.03840871 0.00851533 0.07191409 0.00540562 0.00411399 0.02108281 0.07582667
0.03711366 0.01084944 0.03680867 0.02796822 0.01824475 0.09930341 0.00690785 0.00385036 0.01726031 0.09086211 0.01828627 0.00643837 0.02222175 0.03737978 0.00829148 0.07049548 0.00536331 0.00401197 0.02080092 0.07520736
0.03677990 0.01079312 0.03655825 0.02778587 0.01811895 0.09837110 0.00687989 0.00383708 0.01724059 0.09085895 0.01829379 0.00643586 0.02225883 0.03758537 0.00834835 0.07074621 0.00536291 0.00402946 0.02101776 0.07561093
0.03699305 0.01083642 0.03673349 0.02805218 0.01830183 0.09922058 0.00684319 0.00385924 0.01732376 0.09113641 0.01833950 0.00648810 0.02235486 0.03768663 0.00838646 0.07100506 0.00537746 0.00405284 0.02099640 0.07561824
0.03692221 0.01081806 0.03668290 0.02800621 0.01833101 0.09938955 0.00685138 0.00385774 0.01732980 0.09119585 0.01835908 0.00646245 0.02238392 0.03785919 0.00840498 0.07124915 0.00537466 0.00405790 0.02113718 0.07595827
0.03708539 0.01083423 0.03683880 0.02827080 0.01847348 0.10008667 0.00688809 0.00386234 0.01738985 0.09154353 0.01842967 0.00649177 0.02248279 0.03818420 0.00847577 0.07169695 0.00540407 0.00410603 0.02132086 0.07639445
0.03733724 0.01088056 0.03702883 0.02854901 0.01869300 0.10095300 0.00691040 0.00386331 0.01750820 0.09198609 0.01855317 0.00650950 0.02260066 0.03858580 0.00855148 0.07225666 0.00545153 0.00414120 0.02145536 0.07662869
0.03744757 0.01089811 0.03706928 0.02857004 0.01865638 0.10138087 0.00691714 0.00389199 0.01742163 0.09157426 0.01842277 0.00647325 0.02243643 0.03769534 0.00835798 0.07099476 0.00539308 0.00402896 0.02092287 0.07564244
0.03684747 0.01082272 0.03659322 0.02789906 0.01817836 0.09865440 0.00690945 0.00385780 0.01729637 0.09105252 0.01831711 0.00647846 0.02234214 0.03750164 0.00833032 0.07069327 0.00538078 0.00402910 0.02097899 0.07575604
0.03695288 0.01082559 0.03667420 0.02807071 0.01833532 0.09920723 0.00691829 0.00385723 0.01732362 0.09137827 0.01839017 0.00649790 0.02245550 0.03789084 0.00840906 0.07122563 0.00538600 0.00410395 0.02109209 0.07593374
0.03699802 0.01082842 0.03673436 0.02818903 0.01838574 0.09978565 0.00689092 0.00386363 0.01735802 0.09141067 0.01841859 0.00650812 0.02242797 0.03790944 0.00841027 0.07127847 0.00544282 0.00409630 0.02118341 0.07616466
0.03706555 0.01082331 0.03678572 0.02830730 0.01847837 0.10018876 0.00688351 0.00386370 0.01743900 0.09172398 0.01847507 0.00650849 0.02254401 0.03821244 0.00847813 0.07174287 0.00545822 0.00410968 0.02139143 0.07659862
0.03729045 0.01086279 0.03696207 0.02866427 0.01871657 0.10104606 0.00689612 0.00387747 0.01754567 0.09211267 0.01857763 0.00653790 0.02267051 0.03857788 0.00856871 0.07229760 0.00549315 0.00415091 0.02156115 0.07704857
0.03750374 0.01089725 0.03713595 0.02883198 0.01883274 0.10199304 0.00696461 0.00390912 0.01755041 0.09212100 0.01856218 0.00654818 0.02263471 0.03804956 0.00847034 0.07141766 0.00539811 0.00406404 0.02099601 0.07591301
0.03686907 0.01085308 0.03660140 0.02793843 0.01822165 0.09879951 0.00687425 0.00383193 0.01728749 0.09114371 0.01834120 0.00650763 0.02238198 0.03743211 0.00833350 0.07056777 0.00537582 0.00402904 0.02087249 0.07551228
0.03671851 0.01079472 0.03648467 0.02791022 0.01816890 0.09865224 0.00685261 0.00383916 0.01728277 0.09121890 0.01832147 0.00650716 0.02240973 0.03759162 0.00838682 0.07086113 0.00537962 0.00403596 0.02105795 0.07588916
0.03684320 0.01079449 0.03653314 0.02810134 0.01831614 0.09943483 0.00685161 0.00387007 0.01733332 0.09132044 0.01836124 0.00650503 0.02240825 0.03766091 0.00836469 0.07100760 0.00538137 0.00404847 0.02104831 0.07589687
0.03681226 0.01074638 0.03655622 0.02814760 0.01832251 0.09963988 0.00685005 0.00386608 0.01739266 0.09151969 0.01842172 0.00648472 0.02249318 0.03790459 0.00845016 0.07133082 0.00540101 0.00409058 0.02124555 0.07630686
0.03703166 0.01081360 0.03672732 0.02842502 0.01855879 0.10048143 0.00688816 0.00385790 0.01744488 0.09191312 0.01848110 0.00653795 0.02260077 0.03827541 0.00849943 0.07190555 0.00544387 0.00410271 0.02144057 0.07678924
0.03727268 0.01082252 0.03692198 0.02866586 0.01874678 0.10141226 0.00690977 0.00392264 0.01753417 0.09220661 0.01859358 0.00657738 0.02272281 0.03846383 0.00857813 0.07204705 0.00544413 0.00413155 0.02111125 0.07615962
0.03693067 0.01079310 0.03663957 0.02805534 0.01827947 0.09941163 0.00685596 0.00383312 0.01727987 0.09119376 0.01833811 0.00647693 0.02234937 0.03736543 0.00830950 0.07042521 0.00535617 0.00400684 0.02082350 0.07530422
0.03653447 0.01071281 0.03628969 0.02776041 0.01810641 0.09835251 0.00681613 0.00380357 0.01721695 0.09092910 0.01827970 0.00647743 0.02232197 0.03726145 0.00832472 0.07038282 0.00538018 0.00400832 0.02090242 0.07541001
0.03659292 0.01072428 0.03635485 0.02795399 0.01820843 0.09886505 0.00679474 0.00381485 0.01725644 0.09113240 0.01831124 0.00648955 0.02240311 0.03754385 0.00837649 0.07070509 0.00536124 0.00403630 0.02095771 0.07548263
0.03662596 0.01070955 0.03637039 0.02796891 0.01826020 0.09925601 0.00677883 0.00383940 0.01725219 0.09118907 0.01834319 0.00647111 0.02240115 0.03767860 0.00838055 0.07091530 0.00539054 0.00404896 0.02108481 0.07580920
0.03675351 0.01072493 0.03648392 0.02815322 0.01841882 0.09990438 0.00683004 0.00385108 0.01735675 0.09154914 0.01841061 0.00651219 0.02248894 0.03799490 0.00846239 0.07142087 0.00540116 0.00408780 0.02125930 0.07618035
0.03697157 0.01074681 0.03665871 0.02851889 0.01861615 0.10080475 0.00686744 0.00387380 0.01745176 0.09193676 0.01853450 0.00652800 0.02262873 0.03838584 0.00855943 0.07196744 0.00544159 0.00412533 0.02142200 0.07648926
0.03716552 0.01076185 0.03679338 0.02859238 0.01868903 0.10149741 0.00686251 0.00384953 0.01737963 0.09164939 0.01835453 0.00652564 0.02244894 0.03758865 0.00836417 0.07071835 0.00536993 0.00406776 0.02087702 0.07527736
0.03648921 0.01069215 0.03630330 0.02778597 0.01811888 0.09847604 0.00683720 0.00379962 0.01720395 0.09092376 0.01825936 0.00648194 0.02228753 0.03720854 0.00830616 0.07022010 0.00535162 0.00401663 0.02078673 0.07509480
0.03644917 0.01065798 0.03620476 0.02781461 0.01814137 0.09859636 0.00675504 0.00382288 0.01723311 0.09105554 0.01830501 0.00647368 0.02231200 0.03750527 0.00837496 0.07058676 0.00537399 0.00403231 0.02096294 0.07537894
0.03660084 0.01068401 0.03632308 0.02796328 0.01827514 0.09930846 0.00678829 0.00381967 0.01727494 0.09111672 0.01831099 0.00649975 0.02233206 0.03758754 0.00836364 0.07069451 0.00538420 0.00402930 0.02101061 0.07552481
0.03666421 0.01069740 0.03636930 0.02809471 0.01831359 0.09962961 0.00678464 0.00383588 0.01732560 0.09140559 0.01835895 0.00652256 0.02239538 0.03784328 0.00841925 0.07110072 0.00539437 0.00405426 0.02118383 0.07592130
0.03686410 0.01071309 0.03654884 0.02834132 0.01853513 0.10049230 0.00682371 0.00384986 0.01738980 0.09173006 0.01845270 0.00654252 0.02257800 0.03824577 0.00852237 0.07164248 0.00543287 0.00409647 0.02139669 0.07643722
0.03713966 0.01075782 0.03675740 0.02866017 0.01873650 0.10156160 0.00686358 0.00385195 0.01747269 0.09209891 0.01855765 0.00654859 0.02263034 0.03848271 0.00854204 0.07193922 0.00542879 0.00410840 0.02115498 0.07602257
0.03691577 0.01074250 0.03654381 0.02813744 0.01836638 0.09988474 0.00681092 0.00385716 0.01726061 0.09113231 0.01830828 0.00648378 0.02233203 0.03738200 0.00830045 0.07033479 0.00535574 0.00400689 0.02083021 0.07523317
0.03653909 0.01068949 0.03625404 0.02784770 0.01814162 0.09866618 0.00676679 0.00380792 0.01721331 0.09094268 0.01828726 0.00648965 0.02230247 0.03744218 0.00836640 0.07036126 0.00532835 0.00403984 0.02096904 0.07543473
0.03670023 0.01068113 0.03638616 0.02804199 0.01827550 0.09935580 0.00679519 0.00380193 0.01724854 0.09122108 0.01836189 0.00649410 0.02236803 0.03769955 0.00837856 0.07065633 0.00535888 0.00403257 0.02101409 0.07550874
0.03671112 0.01067583 0.03639745 0.02809395 0.01832593 0.09968968 0.00676343 0.00381781 0.01732447 0.09129105 0.01834151 0.00649055 0.02238107 0.03782758 0.00842013 0.07087263 0.00535299 0.00408240 0.02111406 0.07577839
0.03686637 0.01070948 0.03655510 0.02829845 0.01846922 0.10028333 0.00679753 0.00381365 0.01738041 0.09160630 0.01845168 0.00651222 0.02248627 0.03814162 0.00849497 0.07137346 0.00542922 0.00410833 0.02131630 0.07618884
0.03706364 0.01076518 0.03671005 0.02858872 0.01867148 0.10114662 0.00683216 0.00384965 0.01747066 0.09206694 0.01857185 0.00657745 0.02259518 0.03852807 0.00854946 0.07196656 0.00544523 0.00414967 0.02151138 0.07662001
0.03733197 0.01081319 0.03691495 0.02881938 0.01882066 0.10212591 0.00683649 0.00387648 0.01750933 0.09208151 0.01851076 0.00654389 0.02254804 0.03811730 0.00844299 0.07122546 0.00538077 0.00407650 0.02099819 0.07561153
