0.03509610 0.01016962 0.03576551 0.02623366 0.01795751 0.09704036 0.00640356 0.00370636 0.01699028 0.09023430 0.01769784 0.00623237 0.02180999 0.03760854 0.00830314 0.07045012 0.00536177 0.00398427 0.02067852 0.07941526
0.03505199 0.01012866 0.03571941 0.02621905 0.01791228 0.09703571 0.00636623 0.00367181 0.01695551 0.09022429 0.01774655 0.00624529 0.02179452 0.03779499 0.00836612 0.07068397 0.00538572 0.00402153 0.02081518 0.07965790
0.03523350 0.01016089 0.03581387 0.02641181 0.01810833 0.09780576 0.00638289 0.00369926 0.01700019 0.09050784 0.01779997 0.00622035 0.02189570 0.03818414 0.00842087 0.07123389 0.00538864 0.00406908 0.02099540 0.07996377
0.03540101 0.01020144 0.03595099 0.02655851 0.01818136 0.09836685 0.00640002 0.00369277 0.01696144 0.09026346 0.01771249 0.00621571 0.02173716 0.03742677 0.00822486 0.07004039 0.00532043 0.00399955 0.02038897 0.07871448
0.03469603 0.01008921 0.03543035 0.02578602 0.01762285 0.09527087 0.00628802 0.00364839 0.01671918 0.08940525 0.01752680 0.00616245 0.02151033 0.03699597 0.00814027 0.06946683 0.00525337 0.00393816 0.02036733 0.07832297
0.03456027 0.01005623 0.03526194 0.02576248 0.01760622 0.09533362 0.00628727 0.00364245 0.01674082 0.08940181 0.01754675 0.00616565 0.02151671 0.03719499 0.00822803 0.06978786 0.00527651 0.00396396 0.02045400 0.07855659
0.03461917 0.01006505 0.03525532 0.02583536 0.01765205 0.09575942 0.00628375 0.00360513 0.01670435 0.08943240 0.01751638 0.00613027 0.02146747 0.03724308 0.00819573 0.06985696 0.00524446 0.00396609 0.02051909 0.07854924
0.03461070 0.01004028 0.03526468 0.02591981 0.01772683 0.09594288 0.00627183 0.00364905 0.01670469 0.08951384 0.01756281 0.00615966 0.02148625 0.03748498 0.00823115 0.07015682 0.00526968 0.00399684 0.02065722 0.07889661
0.03487155 0.01005684 0.03540217 0.02616272 0.01790308 0.09671761 0.00629938 0.00363271 0.01681908 0.08974531 0.01763663 0.00616647 0.02158550 0.03781051 0.00829856 0.07066131 0.00528955 0.00401044 0.02070042 0.07904326
0.03488951 0.01005802 0.03544000 0.02610237 0.01785396 0.09669376 0.00626765 0.00365353 0.01665921 0.08925738 0.01746482 0.00612911 0.02138525 0.03686050 0.00809187 0.06923944 0.00519140 0.00390769 0.02021149 0.07780481
0.03420877 0.00997447 0.03491884 0.02545181 0.01741231 0.09413666 0.00618749 0.00357881 0.01649549 0.08856018 0.01732191 0.00606271 0.02117258 0.03658287 0.00804344 0.06885800 0.00517943 0.00391295 0.02017803 0.07763684
0.03413552 0.00993570 0.03481106 0.02543312 0.01739919 0.09432180 0.00617039 0.00357339 0.01649029 0.08864069 0.01737102 0.00605159 0.02118942 0.03680887 0.00806342 0.06918630 0.00516783 0.00389716 0.02023115 0.07780282
0.03417375 0.00991676 0.03487374 0.02548368 0.01744563 0.09457306 0.00614021 0.00358310 0.01647450 0.08857718 0.01735082 0.00604714 0.02117698 0.03685561 0.00805334 0.06921349 0.00514787 0.00389681 0.02026947 0.07790812
0.03421567 0.00992077 0.03483648 0.02561225 0.01750280 0.09491140 0.00614255 0.00360634 0.01647009 0.08872004 0.01737044 0.00608582 0.02120010 0.03711587 0.00812121 0.06959402 0.00517439 0.00393986 0.02043073 0.07827505
0.03436703 0.00992054 0.03495424 0.02578371 0.01765686 0.09567636 0.00613923 0.00358495 0.01655085 0.08905235 0.01744888 0.00604852 0.02129579 0.03741521 0.00817723 0.07003398 0.00520474 0.00398390 0.02059661 0.07858877
0.03452179 0.00998582 0.03510059 0.02588660 0.01769131 0.09611193 0.00614848 0.00356547 0.01647846 0.08878873 0.01736921 0.00607783 0.02116636 0.03666016 0.00801023 0.06888812 0.00511792 0.00388515 0.02002718 0.07741901
0.03388781 0.00986775 0.03460591 0.02512790 0.01718031 0.09320062 0.00606322 0.00353287 0.01628973 0.08796790 0.01718000 0.00598506 0.02091048 0.03626345 0.00790636 0.06828355 0.00506198 0.00385261 0.01997312 0.07706662
0.03370826 0.00981944 0.03444833 0.02511312 0.01719742 0.09321604 0.00603873 0.00353225 0.01626357 0.08796515 0.01719097 0.00600426 0.02093054 0.03644657 0.00796997 0.06857305 0.00506710 0.00388931 0.02004312 0.07732766
0.03383057 0.00985259 0.03449596 0.02514792 0.01721756 0.09354411 0.00604031 0.00352821 0.01626956 0.08794040 0.01721097 0.00599439 0.02090174 0.03641375 0.00795596 0.06856320 0.00505970 0.00385548 0.02009895 0.07746709
0.03380445 0.00983962 0.03447432 0.02526392 0.01725766 0.09382811 0.00604936 0.00354496 0.01630612 0.08808836 0.01723206 0.00599409 0.02096203 0.03670145 0.00798028 0.06891133 0.00507593 0.00389958 0.02024105 0.07784941
0.03400696 0.00986455 0.03464772 0.02547555 0.01745277 0.09456379 0.00605756 0.00354598 0.01636582 0.08828989 0.01732672 0.00602216 0.02102835 0.03697962 0.00805478 0.06932654 0.00511695 0.00392956 0.02041683 0.07829440
0.03419198 0.00991368 0.03484882 0.02570812 0.01757956 0.09536020 0.00607589 0.00352791 0.01643995 0.08858417 0.01741889 0.00603267 0.02118054 0.03725953 0.00810401 0.06964393 0.00512376 0.00394851 0.02031034 0.07811691
0.03414625 0.00990474 0.03472192 0.02541759 0.01734143 0.09424829 0.00606045 0.00352082 0.01622857 0.08784411 0.01720194 0.00597865 0.02087117 0.03621624 0.00787262 0.06807721 0.00498511 0.00385396 0.01989914 0.07708837
0.03357620 0.00982610 0.03435560 0.02497216 0.01704456 0.09249590 0.00600906 0.00348759 0.01614227 0.08738329 0.01708888 0.00594118 0.02082419 0.03610068 0.00786390 0.06787479 0.00500884 0.00382095 0.01998218 0.07708738
0.03361187 0.00980985 0.03438419 0.02506300 0.01713119 0.09294371 0.00600589 0.00349508 0.01616197 0.08749907 0.01716510 0.00596498 0.02086663 0.03628656 0.00784453 0.06815581 0.00502691 0.00383909 0.01996215 0.07714925
0.03361793 0.00980449 0.03432212 0.02501695 0.01708814 0.09297323 0.00594440 0.00347938 0.01611162 0.08743593 0.01716996 0.00597507 0.02082880 0.03631506 0.00790932 0.06819697 0.00498516 0.00382979 0.02003519 0.07734858
0.03371228 0.00982429 0.03441253 0.02518081 0.01721016 0.09335103 0.00598996 0.00348482 0.01615590 0.08765664 0.01719989 0.00596838 0.02091500 0.03659670 0.00794076 0.06857334 0.00501521 0.00388454 0.02013315 0.07766963
0.03387385 0.00987575 0.03458136 0.02533858 0.01732817 0.09404918 0.00598231 0.00349367 0.01626418 0.08788443 0.01734185 0.00599412 0.02099443 0.03684227 0.00798449 0.06894684 0.00505228 0.00391436 0.02030023 0.07813001
0.03406399 0.00988544 0.03475077 0.02553527 0.01748273 0.09474063 0.00605165 0.00352308 0.01627818 0.08813614 0.01736809 0.00600811 0.02109528 0.03693900 0.00798526 0.06906673 0.00505216 0.00392676 0.02011582 0.07775538
