0.01864679 0.00492677 0.01797933 0.01447340 0.00954889 0.07720112 0.00255355 0.00140067 0.00618791 0.04497707 0.00930978 0.00322518 0.00969639 0.02803070 0.00474005 0.03526679 0.00360973 0.00193146 0.01102014 0.04299322
0.01863801 0.00493792 0.01800298 0.01447845 0.00953880 0.07720759 0.00253390 0.00143327 0.00619714 0.04498138 0.00932357 0.00325129 0.00971371 0.02811630 0.00477085 0.03542553 0.00360772 0.00196184 0.01106614 0.04310322
0.01866837 0.00494101 0.01804529 0.01457261 0.00959628 0.07765086 0.00257177 0.00143835 0.00622513 0.04501171 0.00935840 0.00322849 0.00972579 0.02833192 0.00480596 0.03561474 0.00363222 0.00196046 0.01110107 0.04320509
0.01874421 0.00494185 0.01806667 0.01464527 0.00963920 0.07805932 0.00257101 0.00145874 0.00620121 0.04496599 0.00931854 0.00322194 0.00970831 0.02788655 0.00473577 0.03522539 0.00357434 0.00193174 0.01092971 0.04274783
0.01852080 0.00492049 0.01792888 0.01432593 0.00941483 0.07626656 0.00254520 0.00141483 0.00614227 0.04473231 0.00928956 0.00319863 0.00963101 0.02770991 0.00469975 0.03501063 0.00356759 0.00190512 0.01088816 0.04265196
0.01847942 0.00492573 0.01788009 0.01429849 0.00942402 0.07628314 0.00253582 0.00142351 0.00613552 0.04473857 0.00930764 0.00319697 0.00963382 0.02787307 0.00470924 0.03516928 0.00355360 0.00188798 0.01095890 0.04270756
0.01851782 0.00492240 0.01786895 0.01434558 0.00946036 0.07667198 0.00254256 0.00140475 0.00613910 0.04473669 0.00928382 0.00320101 0.00961826 0.02786270 0.00472395 0.03518609 0.00355064 0.00192307 0.01095869 0.04275893
0.01851330 0.00491901 0.01787793 0.01440937 0.00948192 0.07676707 0.00251298 0.00141417 0.00615142 0.04480589 0.00934038 0.00318879 0.00961883 0.02802315 0.00473677 0.03540512 0.00358089 0.00193115 0.01100968 0.04288630
0.01860895 0.00492126 0.01794459 0.01449378 0.00956355 0.07724472 0.00251281 0.00139594 0.00619290 0.04487938 0.00934360 0.00321267 0.00966147 0.02823944 0.00476189 0.03555208 0.00357081 0.00195419 0.01105149 0.04291479
0.01862683 0.00495954 0.01797836 0.01446238 0.00954067 0.07726550 0.00253754 0.00140863 0.00612991 0.04472850 0.00930833 0.00318556 0.00959156 0.02769956 0.00467765 0.03508471 0.00350570 0.00190264 0.01086793 0.04247576
0.01840132 0.00489176 0.01780804 0.01420475 0.00936601 0.07573533 0.00250665 0.00139875 0.00610044 0.04450930 0.00924641 0.00317316 0.00953641 0.02756188 0.00464796 0.03494460 0.00352082 0.00191711 0.01086106 0.04244577
0.01836199 0.00488432 0.01777479 0.01422376 0.00938697 0.07582500 0.00249481 0.00140621 0.00609898 0.04448643 0.00929437 0.00319414 0.00955546 0.02773293 0.00465904 0.03509445 0.00350729 0.00191513 0.01086073 0.04253105
0.01843601 0.00487243 0.01780751 0.01423023 0.00941368 0.07604168 0.00249898 0.00140528 0.00609856 0.04454926 0.00926680 0.00317423 0.00952730 0.02775658 0.00472400 0.03512405 0.00349847 0.00190426 0.01089828 0.04257756
0.01844582 0.00489464 0.01778539 0.01427474 0.00944250 0.07623054 0.00250621 0.00138920 0.00612050 0.04461616 0.00927414 0.00317897 0.00955321 0.02789290 0.00471094 0.03528641 0.00349231 0.00193969 0.01095006 0.04273282
0.01849130 0.00488935 0.01786333 0.01438739 0.00947948 0.07666528 0.00251876 0.00140322 0.00613064 0.04471268 0.00931876 0.00318185 0.00960672 0.02807390 0.00472890 0.03546636 0.00353538 0.00194990 0.01103014 0.04287309
0.01855457 0.00489662 0.01792191 0.01442775 0.00949477 0.07702292 0.00249780 0.00140602 0.00613389 0.04465768 0.00927147 0.00317236 0.00956826 0.02762978 0.00466127 0.03508960 0.00348220 0.00186658 0.01083555 0.04239167
0.01830083 0.00486749 0.01776470 0.01411893 0.00930716 0.07530677 0.00248610 0.00138882 0.00607166 0.04441077 0.00921868 0.00314724 0.00949669 0.02742386 0.00464965 0.03484442 0.00345980 0.00189959 0.01078464 0.04228564
0.01827012 0.00486089 0.01768273 0.01412128 0.00932669 0.07527728 0.00248097 0.00139527 0.00605551 0.04446089 0.00922680 0.00315770 0.00949717 0.02759298 0.00463101 0.03497165 0.00344918 0.00189117 0.01080493 0.04245565
0.01831756 0.00484929 0.01773291 0.01413528 0.00934314 0.07554012 0.00249457 0.00139882 0.00608232 0.04448758 0.00921804 0.00313925 0.00950316 0.02757592 0.00466379 0.03500563 0.00348153 0.00191853 0.01086015 0.04249522
0.01832855 0.00487334 0.01770438 0.01419325 0.00937443 0.07566137 0.00244715 0.00138625 0.00606381 0.04450030 0.00924931 0.00314864 0.00954376 0.02774112 0.00467975 0.03517649 0.00349506 0.00191717 0.01091225 0.04263752
0.01839528 0.00487877 0.01778613 0.01428319 0.00944578 0.07611645 0.00248389 0.00137247 0.00610798 0.04458105 0.00925241 0.00315205 0.00955345 0.02791111 0.00468999 0.03532065 0.00351904 0.00194428 0.01098587 0.04284499
0.01843525 0.00487682 0.01786012 0.01437530 0.00947716 0.07660881 0.00247546 0.00139457 0.00612953 0.04469370 0.00933077 0.00316615 0.00955568 0.02806061 0.00471342 0.03546608 0.00351632 0.00193817 0.01097104 0.04278835
0.01844628 0.00488328 0.01781203 0.01425895 0.00937727 0.07593694 0.00247241 0.00138896 0.00608115 0.04443251 0.00926147 0.00315302 0.00954202 0.02744198 0.00463142 0.03488999 0.00345273 0.00188983 0.01077047 0.04236587
0.01826018 0.00485781 0.01768719 0.01408508 0.00928991 0.07492203 0.00244933 0.00138673 0.00603501 0.04433807 0.00921498 0.00314929 0.00950885 0.02738899 0.00464729 0.03481797 0.00345701 0.00190921 0.01078076 0.04243561
0.01827868 0.00485714 0.01770735 0.01412135 0.00931465 0.07520621 0.00246171 0.00138440 0.00606216 0.04439591 0.00922668 0.00317428 0.00951504 0.02751492 0.00465468 0.03493997 0.00342731 0.00187677 0.01081762 0.04242014
0.01829958 0.00487732 0.01768352 0.01411937 0.00932024 0.07523778 0.00245633 0.00138571 0.00608153 0.04440794 0.00924941 0.00314192 0.00952026 0.02757411 0.00466411 0.03501610 0.00344644 0.00189995 0.01082639 0.04250969
0.01832214 0.00487149 0.01772874 0.01419329 0.00935555 0.07550975 0.00245935 0.00137589 0.00606873 0.04446260 0.00926466 0.00315446 0.00951709 0.02771741 0.00467710 0.03514100 0.00344187 0.00192742 0.01089030 0.04269154
0.01837460 0.00489241 0.01779093 0.01425199 0.00940895 0.07585729 0.00247504 0.00138332 0.00609071 0.04457863 0.00931312 0.00315383 0.00959275 0.02790320 0.00470162 0.03536697 0.00346628 0.00191687 0.01095378 0.04281841
0.01843693 0.00492446 0.01784714 0.01434475 0.00946476 0.07628301 0.00246706 0.00139349 0.00608657 0.04465094 0.00930096 0.00317236 0.00958684 0.02794141 0.00469995 0.03535979 0.00346270 0.00192387 0.01087626 0.04270313
